기간	자치구	동	사업체수	종사자수	평균종사자	사업체밀도	종사자밀도(A)	인구밀도(B)	종사자밀도비(A/B*100)
2016	합계	합계	820,156	5,079,451	6.19	1,355	8,393	16,861	49.78
2016	종로구	소계	40,664	268,309	6.6	1,701	11,220	6,771	165.7
2016	종로구	사직동	3,489	53,850	15.43	2,837	43,780	8,141	537.8
2016	종로구	삼청동	751	4,823	6.42	504	3,237	2,093	154.68
2016	종로구	부암동	575	3,690	6.42	253	1,626	4,865	33.41
2016	종로구	평창동	708	2,990	4.22	80	337	2,194	15.37
2016	종로구	무악동	573	1,472	2.57	1,592	4,089	23,656	17.29
2016	종로구	교남동	302	3,612	11.96	863	10,320	13,566	76.07
2016	종로구	가회동	770	14,215	18.46	1,426	26,324	8,852	297.38
2016	종로구	종로1.2.3.4가동	15,970	110,743	6.93	6,796	47,125	3,714	###.##
2016	종로구	종로5·6가동	7,691	23,392	3.04	12,818	38,987	9,625	405.06
2016	종로구	이화동	1,248	16,032	12.85	1,600	20,554	11,445	179.59
2016	종로구	창신1동	2,273	6,340	2.79	7,332	20,452	21,258	96.21
2016	종로구	창신2동	872	2,429	2.79	3,354	9,342	41,158	22.7
2016	종로구	창신3동	283	874	3.09	1,230	3,800	33,709	11.27
2016	종로구	숭인1동	533	1,587	2.98	2,317	6,900	30,909	22.32
2016	종로구	숭인2동	1,881	6,819	3.63	5,374	19,483	28,994	67.2
2016	종로구	청운효자동	1,009	6,415	6.36	393	2,496	5,491	45.46
2016	종로구	혜화동	1,736	9,026	5.2	1,550	8,059	18,219	44.23
2016	중구	소계	63,640	402,892	6.33	6,389	40,447	13,494	299.75
2016	중구	소공동	3,929	65,041	16.55	4,136	68,464	2,733	###.##
2016	중구	회현동	9,697	52,540	5.42	11,544	62,548	7,295	857.38
2016	중구	명동	6,778	115,866	17.09	6,846	117,036	3,560	###.##
2016	중구	필동	3,159	24,075	7.62	2,771	21,118	4,491	470.21
2016	중구	장충동	911	9,874	10.84	670	7,260	4,298	168.93
2016	중구	광희동	9,380	38,813	4.14	12,676	52,450	8,150	643.56
2016	중구	을지로동	9,442	29,762	3.15	15,737	49,603	3,043	###.##
2016	중구	신당5동	1,283	3,942	3.07	3,290	10,108	26,062	38.78
2016	중구	황학동	1,963	6,435	3.28	5,948	19,500	40,052	48.69
2016	중구	중림동	1,005	7,677	7.64	2,094	15,994	18,546	86.24
2016	중구	신당동	12,117	27,836	2.3	22,031	50,611	17,144	295.22
2016	중구	다산동	1,387	9,577	6.9	2,720	18,778	31,286	60.02
2016	중구	약수동	854	3,563	4.17	1,779	7,423	39,158	18.96
2016	중구	청구동	765	3,856	5.04	2,250	11,341	44,803	25.31
2016	중구	동화동	970	4,035	4.16	3,731	15,519	44,777	34.66
2016	용산구	소계	20,994	129,033	6.15	960	5,901	11,209	52.64
2016	용산구	후암동	840	5,493	6.54	977	6,387	22,451	28.45
2016	용산구	용산2가동	574	2,075	3.61	293	1,059	6,503	16.28
2016	용산구	남영동	1,673	18,172	10.86	1,406	15,271	7,363	207.4
2016	용산구	원효로2동	1,190	7,045	5.92	1,676	9,923	21,848	45.42
2016	용산구	효창동	469	2,300	4.9	1,066	5,227	21,741	24.04
2016	용산구	용문동	682	1,568	2.3	2,436	5,600	45,936	12.19
2016	용산구	이촌1동	823	3,825	4.65	288	1,337	10,187	13.13
2016	용산구	이촌2동	340	821	2.41	279	673	7,689	8.75
2016	용산구	이태원1동	1,714	8,286	4.83	3,007	14,537	15,449	94.09
2016	용산구	이태원2동	733	3,216	4.39	852	3,740	12,795	29.23
2016	용산구	서빙고동	415	5,077	12.23	148	1,813	5,181	35
2016	용산구	보광동	836	2,786	3.33	1,177	3,924	23,927	16.4
2016	용산구	청파동	1,915	9,433	4.93	2,104	10,366	24,080	43.05
2016	용산구	원효로1동	1,843	10,407	5.65	3,124	17,639	24,944	70.71
2016	용산구	한강로동	4,892	31,880	6.52	1,687	10,993	5,677	193.65
2016	용산구	한남동	2,055	16,649	8.1	683	5,531	7,785	71.05
2016	성동구	소계	26,581	165,047	6.21	1,577	9,789	18,218	53.73
2016	성동구	왕십리2동	780	2,440	3.13	1,902	5,951	41,261	14.42
2016	성동구	마장동	3,238	11,683	3.61	3,055	11,022	23,178	47.55
2016	성동구	사근동	1,088	11,474	10.55	980	10,337	11,461	90.19
2016	성동구	행당1동	1,451	8,783	6.05	2,459	14,886	24,929	59.72
2016	성동구	행당2동	582	1,927	3.31	1,386	4,588	61,305	7.48
2016	성동구	응봉동	375	1,037	2.77	658	1,819	29,686	6.13
2016	성동구	금호1가동	535	1,685	3.15	1,163	3,663	29,172	12.56
2016	성동구	금호4가동	617	1,786	2.89	735	2,126	17,330	12.27
2016	성동구	성수1가1동	1,546	7,815	5.05	781	3,947	8,703	45.35
2016	성동구	성수1가2동	2,198	17,103	7.78	2,470	19,217	19,128	100.46
2016	성동구	성수2가1동	2,626	18,337	6.98	2,225	15,540	16,422	94.63
2016	성동구	성수2가3동	5,056	45,871	9.07	4,909	44,535	11,788	377.79
2016	성동구	송정동	695	2,453	3.53	1,022	3,607	17,654	20.43
2016	성동구	용답동	2,055	15,156	7.38	886	6,533	7,353	88.84
2016	성동구	왕십리도선동	1,906	11,693	6.13	2,647	16,240	31,775	51.11
2016	성동구	금호2.3가동	1,008	2,758	2.74	1,575	4,309	39,122	11.02
2016	성동구	옥수동	825	3,046	3.69	423	1,562	12,741	12.26
2016	광진구	소계	24,895	126,937	5.1	1,459	7,439	21,807	34.11
2016	광진구	화양동	2,474	15,035	6.08	2,133	12,961	21,116	61.38
2016	광진구	군자동	1,609	10,040	6.24	2,174	13,568	29,795	45.54
2016	광진구	중곡1동	1,639	6,476	3.95	2,644	10,445	26,358	39.63
2016	광진구	중곡2동	1,660	6,711	4.04	3,018	12,202	41,595	29.34
2016	광진구	중곡3동	1,347	5,601	4.16	2,245	9,335	29,933	31.19
2016	광진구	중곡4동	1,545	4,810	3.11	666	2,073	13,701	15.13
2016	광진구	능동	758	5,945	7.84	689	5,405	10,589	51.04
2016	광진구	구의1동	1,900	6,556	3.45	3,393	11,707	41,763	28.03
2016	광진구	구의2동	1,251	5,199	4.16	900	3,740	18,625	20.08
2016	광진구	구의3동	2,636	19,517	7.4	2,584	19,134	29,205	65.52
2016	광진구	광장동	1,402	12,078	8.61	587	5,054	15,319	32.99
2016	광진구	자양1동	1,736	8,527	4.91	3,046	14,960	42,019	35.6
2016	광진구	자양2동	1,524	7,659	5.03	907	4,559	16,388	27.82
2016	광진구	자양3동	1,356	6,395	4.72	1,130	5,329	25,463	20.93
2016	광진구	자양4동	2,058	6,388	3.1	1,774	5,507	23,476	23.46
2016	동대문구	소계	32,762	144,172	4.4	2,305	10,142	26,050	38.93
2016	동대문구	회기동	988	9,709	9.83	1,300	12,775	16,562	77.14
2016	동대문구	휘경1동	1,027	4,606	4.48	1,630	7,311	23,752	30.78
2016	동대문구	휘경2동	1,197	4,977	4.16	1,140	4,740	24,254	19.54
2016	동대문구	청량리동	1,683	8,132	4.83	1,403	6,777	19,633	34.52
2016	동대문구	용신동	5,820	32,819	5.64	3,615	20,384	20,798	98.01
2016	동대문구	제기동	4,739	11,977	2.53	4,016	10,150	24,196	41.95
2016	동대문구	전농1동	2,178	8,303	3.81	1,800	6,862	25,437	26.98
2016	동대문구	전농2동	875	4,824	5.51	1,017	5,609	24,178	23.2
2016	동대문구	답십리1동	2,242	10,402	4.64	2,838	13,167	31,451	41.87
2016	동대문구	답십리2동	2,055	6,059	2.95	2,418	7,128	35,636	20
2016	동대문구	장안1동	4,539	21,790	4.8	3,631	17,432	31,050	56.14
2016	동대문구	장안2동	3,204	11,468	3.58	2,939	10,521	28,845	36.47
2016	동대문구	이문1동	1,486	6,849	4.61	1,429	6,586	30,813	21.37
2016	동대문구	이문2동	729	2,257	3.1	1,057	3,271	32,887	9.95
2016	중랑구	소계	27,915	101,190	3.62	1,509	5,471	22,474	24.34
2016	중랑구	면목2동	2,053	6,620	3.22	2,812	9,068	37,567	24.14
2016	중랑구	면목4동	1,102	3,702	3.36	1,002	3,365	19,961	16.86
2016	중랑구	면목5동	873	2,976	3.41	1,364	4,650	16,913	27.49
2016	중랑구	면목7동	1,512	4,175	2.76	1,738	4,799	26,847	17.87
2016	중랑구	상봉1동	1,124	6,360	5.66	1,322	7,482	30,767	24.32
2016	중랑구	상봉2동	2,131	9,451	4.44	3,134	13,899	28,015	49.61
2016	중랑구	중화1동	1,061	3,715	3.5	1,560	5,463	31,301	17.45
2016	중랑구	중화2동	2,126	7,516	3.54	2,169	7,669	29,161	26.3
2016	중랑구	묵1동	1,471	5,369	3.65	1,226	4,474	28,763	15.56
2016	중랑구	묵2동	1,815	4,712	2.6	2,593	6,731	28,929	23.27
2016	중랑구	망우3동	1,107	3,728	3.37	1,118	3,766	18,930	19.89
2016	중랑구	신내1동	1,945	9,956	5.12	769	3,935	16,610	23.69
2016	중랑구	신내2동	1,136	6,165	5.43	1,147	6,227	23,748	26.22
2016	중랑구	면목본동	2,498	7,459	2.99	2,473	7,385	36,474	20.25
2016	중랑구	면목3.8동	2,090	7,040	3.37	1,251	4,216	16,849	25.02
2016	중랑구	망우본동	3,871	12,246	3.16	1,344	4,252	11,470	37.07
2016	성북구	소계	24,560	111,442	4.54	999	4,534	18,781	24.14
2016	성북구	돈암1동	394	1,788	4.54	804	3,649	34,708	10.51
2016	성북구	돈암2동	398	2,168	5.45	829	4,517	49,335	9.16
2016	성북구	안암동	1,462	12,928	8.84	1,099	9,720	13,692	70.99
2016	성북구	보문동	1,303	5,195	3.99	2,327	9,277	26,909	34.47
2016	성북구	정릉1동	732	2,053	2.8	1,664	4,666	43,802	10.65
2016	성북구	정릉2동	900	2,871	3.19	769	2,454	21,033	11.67
2016	성북구	정릉3동	667	4,319	6.48	180	1,164	4,752	24.5
2016	성북구	정릉4동	929	4,283	4.61	297	1,368	8,888	15.4
2016	성북구	길음1동	968	3,525	3.64	1,225	4,462	47,985	9.3
2016	성북구	길음2동	1,296	4,987	3.85	2,234	8,598	22,712	37.86
2016	성북구	월곡1동	1,376	5,062	3.68	1,699	6,249	35,123	17.79
2016	성북구	월곡2동	1,594	7,909	4.96	1,172	5,815	15,549	37.4
2016	성북구	장위1동	1,028	2,643	2.57	1,469	3,776	32,247	11.71
2016	성북구	장위2동	1,606	5,015	3.12	2,397	7,485	30,646	24.42
2016	성북구	장위3동	804	3,480	4.33	1,237	5,354	20,348	26.31
2016	성북구	성북동	1,107	5,286	4.78	387	1,848	6,409	28.84
2016	성북구	삼선동	1,849	10,526	5.69	2,010	11,441	29,902	38.26
2016	성북구	동선동	1,936	10,556	5.45	2,652	14,460	22,973	62.95
2016	성북구	종암동	2,048	7,309	3.57	1,403	5,006	29,880	16.75
2016	성북구	석관동	2,163	9,539	4.41	1,250	5,514	20,273	27.2
2016	강북구	소계	18,742	69,768	3.72	794	2,957	14,015	21.1
2016	강북구	번1동	1,793	8,987	5.01	3,260	16,340	36,971	44.2
2016	강북구	번2동	656	3,314	5.05	525	2,651	14,726	18
2016	강북구	번3동	860	2,922	3.4	1,000	3,398	23,119	14.7
2016	강북구	수유1동	1,449	4,878	3.37	1,354	4,559	21,350	21.35
2016	강북구	수유2동	1,363	4,339	3.18	1,867	5,944	30,647	19.39
2016	강북구	수유3동	2,399	8,658	3.61	2,790	10,067	28,053	35.89
2016	강북구	삼양동	1,176	3,641	3.1	1,238	3,833	31,313	12.24
2016	강북구	미아동	1,639	6,194	3.78	2,245	8,485	32,316	26.26
2016	강북구	송중동	1,955	7,783	3.98	1,602	6,380	24,025	26.55
2016	강북구	송천동	2,128	7,241	3.4	2,418	8,228	34,700	23.71
2016	강북구	삼각산동	781	2,354	3.01	1,260	3,797	55,568	6.83
2016	강북구	우이동	993	3,970	4	91	363	2,010	18.03
2016	강북구	인수동	1,550	5,487	3.54	529	1,873	11,293	16.58
2016	도봉구	소계	18,686	70,166	3.76	904	3,395	16,948	20.03
2016	도봉구	쌍문1동	928	3,908	4.21	748	3,152	18,190	17.33
2016	도봉구	쌍문2동	1,308	5,503	4.21	2,422	10,191	39,081	26.08
2016	도봉구	쌍문3동	975	4,078	4.18	1,950	8,156	35,524	22.96
2016	도봉구	쌍문4동	616	1,922	3.12	1,185	3,696	39,929	9.26
2016	도봉구	방학1동	2,330	10,831	4.65	3,377	15,697	45,465	34.53
2016	도봉구	방학2동	1,244	3,029	2.43	1,681	4,093	30,258	13.53
2016	도봉구	방학3동	871	3,127	3.59	330	1,184	11,533	10.27
2016	도봉구	창1동	1,404	3,739	2.66	1,595	4,249	31,528	13.48
2016	도봉구	창2동	1,398	4,457	3.19	1,307	4,165	29,418	14.16
2016	도봉구	창3동	969	2,242	2.31	1,446	3,346	23,236	14.4
2016	도봉구	창4동	1,284	7,286	5.67	1,338	7,590	30,598	24.8
2016	도봉구	창5동	2,219	7,259	3.27	3,170	10,370	38,374	27.02
2016	도봉구	도봉1동	1,701	6,063	3.56	195	695	2,710	25.66
2016	도봉구	도봉2동	1,439	6,722	4.67	1,734	8,099	35,210	23
2016	노원구	소계	26,271	114,999	4.38	741	3,245	16,119	20.13
2016	노원구	월계1동	1,444	6,011	4.16	1,245	5,182	20,939	24.75
2016	노원구	월계2동	922	3,313	3.59	475	1,708	13,873	12.31
2016	노원구	월계3동	965	3,371	3.49	825	2,881	28,991	9.94
2016	노원구	공릉2동	1,944	11,763	6.05	285	1,725	6,561	26.29
2016	노원구	하계1동	1,023	7,727	7.55	660	4,985	19,299	25.83
2016	노원구	하계2동	387	1,248	3.22	759	2,447	48,584	5.04
2016	노원구	중계본동	1,184	5,296	4.47	601	2,688	14,226	18.9
2016	노원구	중계1동	951	4,219	4.44	1,510	6,697	46,608	14.37
2016	노원구	중계4동	1,044	3,766	3.61	614	2,215	13,139	16.86
2016	노원구	상계1동	3,133	10,559	3.37	557	1,879	7,545	24.9
2016	노원구	상계2동	2,459	9,991	4.06	4,031	16,379	36,346	45.06
2016	노원구	상계5동	1,568	4,708	3	3,564	10,700	63,050	16.97
2016	노원구	상계8동	577	1,935	3.35	861	2,888	38,249	7.55
2016	노원구	상계9동	721	2,519	3.49	890	3,110	28,765	10.81
2016	노원구	상계10동	469	2,191	4.67	586	2,739	23,944	11.44
2016	노원구	상계3.4동	1,434	4,495	3.13	255	800	5,369	14.9
2016	노원구	상계6.7동	1,910	14,943	7.82	1,721	13,462	32,967	40.84
2016	노원구	중계2.3동	1,360	5,472	4.02	1,511	6,080	43,936	13.84
2016	노원구	공릉1동	2,776	11,472	4.13	1,969	8,136	28,525	28.52
2016	은평구	소계	24,615	90,203	3.66	829	3,037	16,696	18.19
2016	은평구	녹번동	1,900	9,821	5.17	1,061	5,487	18,474	29.7
2016	은평구	불광1동	1,640	6,326	3.86	524	2,021	13,685	14.77
2016	은평구	갈현1동	1,419	4,944	3.48	1,463	5,097	26,777	19.03
2016	은평구	갈현2동	1,594	6,148	3.86	1,660	6,404	32,219	19.88
2016	은평구	구산동	1,209	5,252	4.34	876	3,806	24,857	15.31
2016	은평구	대조동	2,553	8,019	3.14	3,004	9,434	39,394	23.95
2016	은평구	응암1동	1,680	7,696	4.58	1,400	6,413	23,158	27.69
2016	은평구	응암2동	610	1,823	2.99	782	2,337	25,605	9.13
2016	은평구	신사1동	1,290	3,909	3.03	1,536	4,654	33,821	13.76
2016	은평구	신사2동	1,639	3,686	2.25	1,639	3,686	22,255	16.56
2016	은평구	증산동	1,130	4,192	3.71	1,395	5,175	23,978	21.58
2016	은평구	수색동	727	2,695	3.71	564	2,089	12,440	16.79
2016	은평구	진관동	1,539	8,504	5.53	133	738	4,667	15.8
2016	은평구	불광2동	1,347	4,290	3.18	976	3,109	21,653	14.36
2016	은평구	응암3동	1,815	4,965	2.74	2,881	7,881	43,098	18.29
2016	은평구	역촌동	2,523	7,933	3.14	2,175	6,839	43,624	15.68
2016	서대문구	소계	19,540	113,979	5.83	1,110	6,473	18,506	34.98
2016	서대문구	천연동	922	2,835	3.07	951	2,923	20,531	14.24
2016	서대문구	홍제1동	1,119	4,489	4.01	910	3,650	20,311	17.97
2016	서대문구	홍제3동	1,255	3,790	3.02	1,549	4,679	23,973	19.52
2016	서대문구	홍제2동	590	1,677	2.84	562	1,597	14,521	11
2016	서대문구	홍은1동	981	2,470	2.52	621	1,563	15,092	10.36
2016	서대문구	홍은2동	1,168	5,372	4.6	567	2,608	14,857	17.55
2016	서대문구	남가좌1동	733	2,047	2.79	1,437	4,014	33,194	12.09
2016	서대문구	남가좌2동	1,308	4,207	3.22	1,699	5,464	30,570	17.87
2016	서대문구	북가좌1동	642	3,126	4.87	1,235	6,012	38,217	15.73
2016	서대문구	북가좌2동	2,330	7,183	3.08	2,774	8,551	41,433	20.64
2016	서대문구	충현동	1,812	25,628	14.14	1,618	22,882	17,154	133.4
2016	서대문구	북아현동	790	2,099	2.66	1,717	4,563	28,246	16.15
2016	서대문구	신촌동	3,642	37,929	10.41	1,385	14,422	8,775	164.36
2016	서대문구	연희동	2,248	11,127	4.95	737	3,648	13,584	26.86
2016	마포구	소계	36,191	250,605	6.92	1,518	10,510	16,394	64.11
2016	마포구	용강동	2,608	19,216	7.37	3,105	22,876	26,827	85.27
2016	마포구	대흥동	1,583	9,646	6.09	1,799	10,961	16,163	67.82
2016	마포구	염리동	720	3,618	5.03	1,674	8,414	27,984	30.07
2016	마포구	신수동	1,174	5,334	4.54	1,505	6,838	28,324	24.14
2016	마포구	서교동	9,536	62,203	6.52	5,779	37,699	16,847	223.77
2016	마포구	합정동	2,049	14,716	7.18	1,212	8,708	11,995	72.59
2016	마포구	망원1동	1,771	4,705	2.66	1,554	4,127	19,554	21.11
2016	마포구	망원2동	1,362	5,226	3.84	2,033	7,800	30,588	25.5
2016	마포구	연남동	1,506	5,926	3.93	2,317	9,117	28,603	31.87
2016	마포구	성산1동	1,539	11,078	7.2	1,924	13,848	26,048	53.16
2016	마포구	성산2동	1,782	11,771	6.61	861	5,686	19,420	29.28
2016	마포구	상암동	2,341	38,152	16.3	279	4,542	4,025	112.83
2016	마포구	도화동	2,012	15,583	7.75	3,245	25,134	37,721	66.63
2016	마포구	서강동	1,699	11,958	7.04	1,172	8,247	18,181	45.36
2016	마포구	공덕동	2,764	18,875	6.83	2,737	18,688	39,312	47.54
2016	마포구	아현동	1,745	12,598	7.22	2,296	16,576	34,539	47.99
2016	양천구	소계	26,108	117,259	4.49	1,500	6,736	27,681	24.34
2016	양천구	목1동	2,943	20,725	7.04	2,087	14,699	23,376	62.88
2016	양천구	목2동	1,139	4,094	3.59	1,106	3,975	31,025	12.81
2016	양천구	목3동	1,242	4,644	3.74	2,343	8,762	41,519	21.1
2016	양천구	목4동	1,326	3,853	2.91	2,326	6,760	49,018	13.79
2016	양천구	신월1동	1,775	5,063	2.85	2,731	7,789	35,889	21.7
2016	양천구	신월2동	1,239	3,984	3.22	2,031	6,531	38,593	16.92
2016	양천구	신월3동	958	4,277	4.46	1,101	4,916	21,007	23.4
2016	양천구	신월4동	1,164	3,745	3.22	2,238	7,202	38,479	18.72
2016	양천구	신월5동	1,010	4,422	4.38	1,464	6,409	23,755	26.98
2016	양천구	신월6동	1,460	3,231	2.21	3,561	7,880	19,383	40.66
2016	양천구	신월7동	1,391	5,695	4.09	1,169	4,786	19,742	24.24
2016	양천구	신정1동	1,099	4,929	4.48	1,570	7,041	31,220	22.55
2016	양천구	신정2동	1,104	3,612	3.27	2,123	6,946	41,331	16.81
2016	양천구	신정3동	1,882	9,536	5.07	692	3,506	19,485	17.99
2016	양천구	신정6동	738	5,769	7.82	769	6,009	26,998	22.26
2016	양천구	신정7동	991	4,481	4.52	819	3,703	25,979	14.25
2016	양천구	목5동	1,525	10,258	6.73	843	5,667	24,302	23.32
2016	양천구	신정4동	3,122	14,941	4.79	3,091	14,793	35,954	41.14
2016	강서구	소계	34,662	207,406	5.98	837	5,005	14,531	34.45
2016	강서구	염창동	2,149	15,633	7.27	1,235	8,984	23,630	38.02
2016	강서구	등촌1동	1,939	15,729	8.11	3,286	26,659	39,097	68.19
2016	강서구	등촌2동	735	3,454	4.7	799	3,754	23,991	15.65
2016	강서구	등촌3동	2,627	22,329	8.5	3,325	28,265	44,256	63.87
2016	강서구	화곡본동	1,355	4,047	2.99	1,221	3,646	32,998	11.05
2016	강서구	화곡2동	852	2,790	3.27	1,813	5,936	43,543	13.63
2016	강서구	화곡3동	1,227	5,360	4.37	2,406	10,510	45,471	23.11
2016	강서구	화곡4동	1,444	3,860	2.67	1,761	4,707	28,435	16.55
2016	강서구	화곡6동	1,850	11,322	6.12	1,652	10,109	23,033	43.89
2016	강서구	화곡8동	1,230	3,229	2.63	2,321	6,092	51,381	11.86
2016	강서구	가양1동	1,809	14,040	7.76	385	2,987	5,861	50.97
2016	강서구	가양2동	640	3,495	5.46	640	3,495	16,432	21.27
2016	강서구	가양3동	933	7,631	8.18	942	7,708	17,464	44.14
2016	강서구	발산1동	2,322	11,966	5.15	784	4,043	13,487	29.97
2016	강서구	공항동	1,973	35,503	17.99	182	3,266	2,269	143.97
2016	강서구	방화1동	2,879	10,377	3.6	2,768	9,978	44,504	22.42
2016	강서구	방화2동	2,932	13,631	4.65	457	2,127	3,906	54.45
2016	강서구	방화3동	932	4,739	5.08	392	1,991	10,832	18.38
2016	강서구	화곡1동	3,126	10,841	3.47	2,791	9,679	48,594	19.92
2016	강서구	우장산동	1,708	7,430	4.35	1,256	5,463	34,475	15.85
2016	구로구	소계	38,033	211,391	5.56	1,890	10,507	22,347	47.02
2016	구로구	신도림동	2,835	14,839	5.23	1,929	10,095	25,988	38.84
2016	구로구	구로1동	626	3,021	4.83	614	2,962	22,201	13.34
2016	구로구	구로3동	6,881	82,785	12.03	6,746	81,162	27,530	294.81
2016	구로구	구로4동	2,023	5,011	2.48	4,398	10,893	62,285	17.49
2016	구로구	구로5동	4,857	26,516	5.46	4,716	25,744	34,047	75.61
2016	구로구	고척1동	2,629	9,475	3.6	2,266	8,168	21,872	37.35
2016	구로구	고척2동	1,427	3,976	2.79	1,399	3,898	29,814	13.07
2016	구로구	개봉2동	1,133	2,989	2.64	1,416	3,736	43,329	8.62
2016	구로구	개봉3동	1,012	5,099	5.04	1,249	6,295	27,484	22.9
2016	구로구	오류1동	1,121	5,158	4.6	1,900	8,742	37,192	23.51
2016	구로구	오류2동	1,573	7,882	5.01	342	1,713	9,968	17.19
2016	구로구	수궁동	1,272	5,881	4.62	476	2,203	9,708	22.69
2016	구로구	가리봉동	976	2,820	2.89	2,440	7,050	43,938	16.05
2016	구로구	구로2동	7,912	30,343	3.84	4,495	17,240	21,064	81.85
2016	구로구	개봉1동	1,756	5,596	3.19	1,340	4,272	27,392	15.6
2016	금천구	소계	30,987	225,578	7.28	2,380	17,326	19,560	88.58
2016	금천구	가산동	13,752	153,745	11.18	5,457	61,010	9,321	654.57
2016	금천구	독산1동	3,922	24,440	6.23	1,877	11,694	17,608	66.41
2016	금천구	독산2동	1,178	3,542	3.01	1,963	5,903	38,462	15.35
2016	금천구	독산3동	2,190	8,267	3.77	2,380	8,986	33,962	26.46
2016	금천구	독산4동	1,011	3,674	3.63	1,714	6,227	32,471	19.18
2016	금천구	시흥1동	2,986	13,912	4.66	1,746	8,136	22,409	36.3
2016	금천구	시흥2동	576	2,005	3.48	457	1,591	19,170	8.3
2016	금천구	시흥3동	3,340	10,610	3.18	3,121	9,916	11,453	86.58
2016	금천구	시흥4동	859	1,938	2.26	987	2,228	26,748	8.33
2016	금천구	시흥5동	1,173	3,445	2.94	844	2,478	16,465	15.05
2016	영등포구	소계	43,678	366,625	8.39	1,781	14,946	16,583	90.13
2016	영등포구	여의동	7,966	152,605	19.16	947	18,146	4,044	448.67
2016	영등포구	당산1동	3,183	18,621	5.85	4,244	24,828	28,347	87.59
2016	영등포구	당산2동	2,306	21,446	9.3	1,488	13,836	23,560	58.73
2016	영등포구	양평1동	3,246	23,475	7.23	3,689	26,676	19,697	135.44
2016	영등포구	양평2동	2,154	19,830	9.21	718	6,610	7,534	87.74
2016	영등포구	신길1동	1,176	6,721	5.72	1,782	10,183	33,085	30.78
2016	영등포구	신길3동	985	2,745	2.79	2,052	5,719	37,729	15.16
2016	영등포구	신길4동	491	1,691	3.44	1,403	4,831	33,017	14.63
2016	영등포구	신길5동	655	3,031	4.63	1,394	6,449	32,609	19.78
2016	영등포구	신길6동	1,277	4,697	3.68	1,878	6,907	31,549	21.89
2016	영등포구	신길7동	533	2,676	5.02	833	4,181	20,361	20.54
2016	영등포구	대림1동	1,128	4,251	3.77	2,302	8,676	36,510	23.76
2016	영등포구	대림2동	1,390	4,513	3.25	2,527	8,205	41,869	19.6
2016	영등포구	대림3동	2,807	11,203	3.99	2,807	11,203	30,621	36.59
2016	영등포구	영등포본동	1,470	5,715	3.89	1,441	5,603	25,833	21.69
2016	영등포구	영등포동	6,524	39,392	6.04	5,178	31,263	16,613	188.18
2016	영등포구	도림동	984	3,334	3.39	1,106	3,746	25,943	14.44
2016	영등포구	문래동	5,403	40,679	7.53	3,626	27,301	21,362	127.8
2016	동작구	소계	19,747	108,058	5.47	1,207	6,607	25,269	26.15
2016	동작구	노량진2동	1,554	6,340	4.08	2,428	9,906	23,358	42.41
2016	동작구	상도1동	1,704	8,381	4.92	1,128	5,550	31,950	17.37
2016	동작구	상도2동	1,287	4,543	3.53	1,313	4,636	28,385	16.33
2016	동작구	상도3동	946	2,683	2.84	1,577	4,472	43,402	10.3
2016	동작구	상도4동	983	2,910	2.96	1,311	3,880	40,668	9.54
2016	동작구	사당1동	1,845	9,566	5.18	2,335	12,109	30,330	39.92
2016	동작구	사당3동	1,005	4,316	4.29	1,092	4,691	26,766	17.53
2016	동작구	사당4동	684	1,738	2.54	1,800	4,574	39,587	11.55
2016	동작구	사당5동	506	1,709	3.38	888	2,998	23,489	12.76
2016	동작구	대방동	1,660	12,152	7.32	1,071	7,840	26,230	29.89
2016	동작구	신대방1동	1,060	4,364	4.12	1,710	7,039	45,063	15.62
2016	동작구	신대방2동	1,219	24,086	19.76	1,183	23,384	20,836	112.23
2016	동작구	흑석동	1,495	10,142	6.78	890	6,037	20,902	28.88
2016	동작구	노량진1동	2,148	9,310	4.33	1,359	5,892	21,139	27.87
2016	동작구	사당2동	1,651	5,818	3.52	600	2,116	10,947	19.33
2016	관악구	소계	26,377	113,781	4.31	892	3,848	17,776	21.65
2016	관악구	보라매동	1,397	6,434	4.61	1,838	8,466	35,064	24.14
2016	관악구	청림동	443	1,185	2.67	1,477	3,950	56,580	6.98
2016	관악구	행운동	1,464	6,151	4.2	2,033	8,543	42,469	20.12
2016	관악구	낙성대동	1,265	7,741	6.12	557	3,410	8,023	42.5
2016	관악구	중앙동	1,086	5,076	4.67	2,785	13,015	39,405	33.03
2016	관악구	인헌동	1,047	4,006	3.83	969	3,709	25,930	14.31
2016	관악구	남현동	874	5,163	5.91	267	1,579	5,805	27.2
2016	관악구	서원동	1,296	7,974	6.15	1,994	12,268	36,882	33.26
2016	관악구	신원동	851	2,453	2.88	1,547	4,460	36,858	12.1
2016	관악구	서림동	1,316	3,296	2.5	1,329	3,329	25,732	12.94
2016	관악구	신사동	1,422	4,712	3.31	2,222	7,363	41,605	17.7
2016	관악구	신림동	1,623	5,671	3.49	3,006	10,502	39,520	26.57
2016	관악구	난향동	420	1,926	4.59	525	2,408	21,266	11.32
2016	관악구	조원동	2,184	7,073	3.24	3,260	10,557	30,467	34.65
2016	관악구	대학동	1,701	12,609	7.41	205	1,519	2,941	51.66
2016	관악구	은천동	1,596	7,330	4.59	2,046	9,397	46,296	20.3
2016	관악구	성현동	880	2,964	3.37	1,294	4,359	50,022	8.71
2016	관악구	청룡동	1,866	11,207	6.01	1,581	9,497	25,069	37.88
2016	관악구	난곡동	959	2,411	2.51	999	2,511	31,811	7.89
2016	관악구	삼성동	1,062	2,372	2.23	399	892	10,326	8.64
2016	관악구	미성동	1,625	6,027	3.71	1,178	4,367	24,351	17.94
2016	서초구	소계	46,404	427,227	9.21	988	9,093	9,610	94.63
2016	서초구	서초1동	3,626	29,810	8.22	2,554	20,993	15,062	139.38
2016	서초구	서초2동	4,406	48,060	10.91	3,553	38,758	17,128	226.28
2016	서초구	서초3동	7,466	74,335	9.96	2,548	25,370	10,281	246.77
2016	서초구	서초4동	2,916	27,163	9.32	3,314	30,867	32,976	93.6
2016	서초구	잠원동	2,273	16,956	7.46	1,291	9,634	19,906	48.4
2016	서초구	반포본동	677	2,727	4.03	670	2,700	12,833	21.04
2016	서초구	반포1동	1,517	8,836	5.82	1,517	8,836	30,431	29.04
2016	서초구	반포2동	452	2,841	6.29	335	2,104	17,401	12.09
2016	서초구	반포3동	922	7,073	7.67	720	5,526	15,046	36.73
2016	서초구	반포4동	3,594	32,423	9.02	2,513	22,673	14,378	157.69
2016	서초구	방배본동	1,670	10,580	6.34	2,493	15,791	32,770	48.19
2016	서초구	방배1동	1,767	14,930	8.45	2,524	21,329	24,574	86.79
2016	서초구	방배2동	1,957	17,422	8.9	1,014	9,027	14,370	62.82
2016	서초구	방배3동	1,222	13,934	11.4	509	5,806	10,023	57.93
2016	서초구	방배4동	2,384	14,073	5.9	2,433	14,360	27,038	53.11
2016	서초구	양재1동	3,631	46,647	12.85	630	8,098	8,289	97.7
2016	서초구	양재2동	5,257	50,006	9.51	694	6,597	3,139	210.14
2016	서초구	내곡동	667	9,411	14.11	53	742	1,497	49.57
2016	강남구	소계	72,281	689,623	9.54	1,830	17,458	14,484	120.53
2016	강남구	신사동	4,503	27,741	6.16	2,383	14,678	9,708	151.19
2016	강남구	논현1동	5,788	44,157	7.63	4,630	35,326	19,894	177.57
2016	강남구	논현2동	5,656	60,642	10.72	3,848	41,253	15,401	267.87
2016	강남구	삼성1동	4,330	66,958	15.46	2,232	34,514	7,916	436.01
2016	강남구	삼성2동	3,734	38,887	10.41	3,011	31,360	24,999	125.45
2016	강남구	대치1동	1,066	7,154	6.71	1,349	9,056	31,435	28.81
2016	강남구	대치4동	3,716	27,829	7.49	5,090	38,122	29,167	130.7
2016	강남구	역삼1동	15,079	147,157	9.76	6,417	62,620	15,449	405.34
2016	강남구	역삼2동	3,416	38,937	11.4	2,970	33,858	32,215	105.1
2016	강남구	도곡1동	1,614	17,135	10.62	1,582	16,799	22,605	74.32
2016	강남구	도곡2동	1,926	22,629	11.75	1,888	22,185	34,249	64.78
2016	강남구	개포1동	503	1,616	3.21	396	1,272	16,663	7.64
2016	강남구	개포4동	2,221	12,024	5.41	1,491	8,070	12,450	64.82
2016	강남구	일원본동	564	8,402	14.9	219	3,257	9,730	33.47
2016	강남구	일원1동	1,870	7,340	3.93	2,033	7,978	18,777	42.49
2016	강남구	일원2동	636	10,125	15.92	513	8,165	13,323	61.29
2016	강남구	수서동	1,584	15,857	10.01	1,108	11,089	11,684	94.91
2016	강남구	세곡동	950	5,285	5.56	149	831	6,972	11.92
2016	강남구	압구정동	4,314	29,474	6.83	1,705	11,650	11,209	103.93
2016	강남구	청담동	4,497	39,652	8.82	1,930	17,018	13,143	129.48
2016	강남구	대치2동	3,468	57,241	16.51	1,734	28,621	21,034	136.07
2016	강남구	개포2동	846	3,381	4	337	1,347	8,664	15.55
2016	송파구	소계	45,555	312,661	6.86	1,345	9,229	19,629	47.02
2016	송파구	풍납1동	770	2,443	3.17	1,000	3,173	23,421	13.55
2016	송파구	풍납2동	1,182	15,395	13.02	743	9,682	16,253	59.57
2016	송파구	거여1동	881	3,041	3.45	1,727	5,963	28,969	20.58
2016	송파구	거여2동	951	4,152	4.37	1,794	7,834	36,998	21.17
2016	송파구	마천1동	948	2,165	2.28	1,634	3,733	39,503	9.45
2016	송파구	마천2동	1,373	4,414	3.21	1,543	4,960	23,739	20.89
2016	송파구	방이1동	1,326	12,889	9.72	2,652	25,778	32,716	78.79
2016	송파구	방이2동	2,969	22,135	7.46	3,711	27,669	31,808	86.99
2016	송파구	오륜동	516	4,514	8.75	163	1,424	6,219	22.9
2016	송파구	오금동	2,427	16,661	6.86	1,471	10,098	22,466	44.95
2016	송파구	송파1동	2,487	13,710	5.51	3,148	17,354	33,819	51.32
2016	송파구	송파2동	936	6,088	6.5	1,766	11,487	41,460	27.71
2016	송파구	석촌동	2,663	13,767	5.17	2,803	14,492	37,284	38.87
2016	송파구	삼전동	2,050	14,868	7.25	2,158	15,651	35,633	43.92
2016	송파구	가락본동	3,598	28,777	8	3,184	25,466	25,128	101.35
2016	송파구	가락1동	2,865	10,639	3.71	2,138	7,940	685	###.##
2016	송파구	가락2동	1,909	10,539	5.52	1,989	10,978	36,525	30.06
2016	송파구	문정1동	1,381	8,917	6.46	2,466	15,923	38,679	41.17
2016	송파구	문정2동	3,823	24,211	6.33	1,738	11,005	10,929	100.7
2016	송파구	장지동	1,426	10,324	7.24	1,041	7,536	26,156	28.81
2016	송파구	위례동	329	2,815	8.56	129	1,104	6,799	16.24
2016	송파구	잠실본동	3,149	22,442	7.13	3,350	23,874	32,114	74.34
2016	송파구	잠실4동	503	2,071	4.12	322	1,328	19,573	6.78
2016	송파구	잠실6동	2,493	39,676	15.91	894	14,221	6,340	224.3
2016	송파구	잠실7동	199	1,194	6	332	1,990	17,527	11.35
2016	송파구	잠실2동	821	4,616	5.62	377	2,117	16,905	12.53
2016	송파구	잠실3동	1,580	10,198	6.45	1,060	6,844	24,877	27.51
2016	강동구	소계	30,268	141,100	4.66	1,231	5,738	18,238	31.46
2016	강동구	강일동	946	15,030	15.89	338	5,368	12,270	43.75
2016	강동구	상일동	1,018	5,201	5.11	384	1,963	4,813	40.78
2016	강동구	명일1동	1,681	6,083	3.62	2,756	9,972	37,764	26.41
2016	강동구	명일2동	1,151	4,698	4.08	1,187	4,843	19,075	25.39
2016	강동구	고덕1동	610	1,993	3.27	353	1,152	9,432	12.21
2016	강동구	고덕2동	1,786	3,245	1.82	889	1,614	4,315	37.41
2016	강동구	암사2동	864	5,139	5.95	732	4,355	13,137	33.15
2016	강동구	암사3동	609	2,009	3.3	243	800	7,686	10.41
2016	강동구	천호1동	1,529	5,643	3.69	2,154	7,948	41,627	19.09
2016	강동구	천호3동	1,863	7,584	4.07	2,358	9,600	32,730	29.33
2016	강동구	성내1동	2,105	18,175	8.63	3,629	31,336	36,193	86.58
2016	강동구	성내2동	1,978	7,625	3.85	2,952	11,381	38,775	29.35
2016	강동구	성내3동	2,461	9,455	3.84	3,466	13,317	34,687	38.39
2016	강동구	둔촌1동	408	1,371	3.36	443	1,490	20,342	7.33
2016	강동구	둔촌2동	1,637	9,468	5.78	1,670	9,661	29,347	32.92
2016	강동구	암사1동	1,927	5,510	2.86	1,889	5,402	37,243	14.5
2016	강동구	천호2동	3,707	14,190	3.83	2,361	9,038	23,010	39.28
2016	강동구	길동	3,988	18,681	4.68	1,838	8,609	23,702	36.32