기간	자치구	동	사업체수	종사자수	평균종사자	사업체 창업률
2016	합계	합계	820,156	5,079,451	6.19	12.38
2016	종로구	계	40,664	268,309	6.6	10.94
2016	종로구	사직동	3,489	53,850	15.43	12.12
2016	종로구	삼청동	751	4,823	6.42	17.31
2016	종로구	부암동	575	3,690	6.42	14.61
2016	종로구	평창동	708	2,990	4.22	13.7
2016	종로구	무악동	573	1,472	2.57	5.58
2016	종로구	교남동	302	3,612	11.96	9.93
2016	종로구	가회동	770	14,215	18.46	12.47
2016	종로구	종로1.2.3.4가동	15,970	110,743	6.93	9.62
2016	종로구	종로5·6가동	7,691	23,392	3.04	9.36
2016	종로구	이화동	1,248	16,032	12.85	13.94
2016	종로구	창신1동	2,273	6,340	2.79	11.75
2016	종로구	창신2동	872	2,429	2.79	13.19
2016	종로구	창신3동	283	874	3.09	14.13
2016	종로구	숭인1동	533	1,587	2.98	12.01
2016	종로구	숭인2동	1,881	6,819	3.63	13.5
2016	종로구	청운효자동	1,009	6,415	6.36	13.78
2016	종로구	혜화동	1,736	9,026	5.2	14.34
2016	중구	계	63,640	402,892	6.33	10.62
2016	중구	소공동	3,929	65,041	16.55	8.55
2016	중구	회현동	9,697	52,540	5.42	9.27
2016	중구	명동	6,778	115,866	17.09	11.12
2016	중구	필동	3,159	24,075	7.62	8.39
2016	중구	장충동	911	9,874	10.84	9.88
2016	중구	광희동	9,380	38,813	4.14	13.41
2016	중구	을지로동	9,442	29,762	3.15	4.78
2016	중구	신당5동	1,283	3,942	3.07	9.28
2016	중구	황학동	1,963	6,435	3.28	7.79
2016	중구	중림동	1,005	7,677	7.64	11.54
2016	중구	신당동	12,117	27,836	2.3	15.7
2016	중구	다산동	1,387	9,577	6.9	10.09
2016	중구	약수동	854	3,563	4.17	11.48
2016	중구	청구동	765	3,856	5.04	7.71
2016	중구	동화동	970	4,035	4.16	12.47
2016	용산구	계	20,994	129,033	6.15	12.13
2016	용산구	후암동	840	5,493	6.54	11.9
2016	용산구	용산2가동	574	2,075	3.61	14.11
2016	용산구	남영동	1,673	18,172	10.86	11.18
2016	용산구	원효로2동	1,190	7,045	5.92	11.76
2016	용산구	효창동	469	2,300	4.9	11.3
2016	용산구	용문동	682	1,568	2.3	13.93
2016	용산구	이촌1동	823	3,825	4.65	11.06
2016	용산구	이촌2동	340	821	2.41	9.12
2016	용산구	이태원1동	1,714	8,286	4.83	13.94
2016	용산구	이태원2동	733	3,216	4.39	14.32
2016	용산구	서빙고동	415	5,077	12.23	10.84
2016	용산구	보광동	836	2,786	3.33	15.31
2016	용산구	청파동	1,915	9,433	4.93	11.7
2016	용산구	원효로1동	1,843	10,407	5.65	10.96
2016	용산구	한강로동	4,892	31,880	6.52	10.53
2016	용산구	한남동	2,055	16,649	8.1	15.09
2016	성동구	계	26,581	165,047	6.21	11.55
2016	성동구	왕십리2동	780	2,440	3.13	12.95
2016	성동구	마장동	3,238	11,683	3.61	9.45
2016	성동구	사근동	1,088	11,474	10.55	16.27
2016	성동구	행당1동	1,451	8,783	6.05	16.68
2016	성동구	행당2동	582	1,927	3.31	13.06
2016	성동구	응봉동	375	1,037	2.77	8.8
2016	성동구	금호1가동	535	1,685	3.15	10.47
2016	성동구	금호4가동	617	1,786	2.89	12.16
2016	성동구	성수1가1동	1,546	7,815	5.05	9.12
2016	성동구	성수1가2동	2,198	17,103	7.78	10.78
2016	성동구	성수2가1동	2,626	18,337	6.98	10.89
2016	성동구	성수2가3동	5,056	45,871	9.07	9.97
2016	성동구	송정동	695	2,453	3.53	9.5
2016	성동구	용답동	2,055	15,156	7.38	10.85
2016	성동구	왕십리도선동	1,906	11,693	6.13	15.16
2016	성동구	금호2.3가동	1,008	2,758	2.74	13.49
2016	성동구	옥수동	825	3,046	3.69	14.91
2016	광진구	계	24,895	126,937	5.1	12.99
2016	광진구	화양동	2,474	15,035	6.08	16.77
2016	광진구	군자동	1,609	10,040	6.24	11.5
2016	광진구	중곡1동	1,639	6,476	3.95	11.71
2016	광진구	중곡2동	1,660	6,711	4.04	12.77
2016	광진구	중곡3동	1,347	5,601	4.16	12.77
2016	광진구	중곡4동	1,545	4,810	3.11	11.65
2016	광진구	능동	758	5,945	7.84	18.34
2016	광진구	구의1동	1,900	6,556	3.45	13.47
2016	광진구	구의2동	1,251	5,199	4.16	11.27
2016	광진구	구의3동	2,636	19,517	7.4	13.81
2016	광진구	광장동	1,402	12,078	8.61	14.41
2016	광진구	자양1동	1,736	8,527	4.91	11
2016	광진구	자양2동	1,524	7,659	5.03	10.5
2016	광진구	자양3동	1,356	6,395	4.72	11.5
2016	광진구	자양4동	2,058	6,388	3.1	13.07
2016	동대문구	계	32,762	144,172	4.4	10.61
2016	동대문구	회기동	988	9,709	9.83	17
2016	동대문구	휘경1동	1,027	4,606	4.48	10.22
2016	동대문구	휘경2동	1,197	4,977	4.16	9.02
2016	동대문구	청량리동	1,683	8,132	4.83	9.74
2016	동대문구	용신동	5,820	32,819	5.64	10.34
2016	동대문구	제기동	4,739	11,977	2.53	8.06
2016	동대문구	전농1동	2,178	8,303	3.81	13.04
2016	동대문구	전농2동	875	4,824	5.51	9.26
2016	동대문구	답십리1동	2,242	10,402	4.64	9.9
2016	동대문구	답십리2동	2,055	6,059	2.95	8.18
2016	동대문구	장안1동	4,539	21,790	4.8	11.37
2016	동대문구	장안2동	3,204	11,468	3.58	12.86
2016	동대문구	이문1동	1,486	6,849	4.61	12.25
2016	동대문구	이문2동	729	2,257	3.1	11.25
2016	중랑구	계	27,915	101,190	3.62	11.98
2016	중랑구	면목2동	2,053	6,620	3.22	11.93
2016	중랑구	면목4동	1,102	3,702	3.36	11.07
2016	중랑구	면목5동	873	2,976	3.41	10.31
2016	중랑구	면목7동	1,512	4,175	2.76	12.63
2016	중랑구	상봉1동	1,124	6,360	5.66	12.1
2016	중랑구	상봉2동	2,131	9,451	4.44	15.06
2016	중랑구	중화1동	1,061	3,715	3.5	11.4
2016	중랑구	중화2동	2,126	7,516	3.54	12.46
2016	중랑구	묵1동	1,471	5,369	3.65	12.17
2016	중랑구	묵2동	1,815	4,712	2.6	9.97
2016	중랑구	망우3동	1,107	3,728	3.37	11.2
2016	중랑구	신내1동	1,945	9,956	5.12	11.98
2016	중랑구	신내2동	1,136	6,165	5.43	10.83
2016	중랑구	면목본동	2,498	7,459	2.99	14.13
2016	중랑구	면목3.8동	2,090	7,040	3.37	14.02
2016	중랑구	망우본동	3,871	12,246	3.16	9.51
2016	성북구	계	24,560	111,442	4.54	12.54
2016	성북구	돈암1동	394	1,788	4.54	9.9
2016	성북구	돈암2동	398	2,168	5.45	13.32
2016	성북구	안암동	1,462	12,928	8.84	13.34
2016	성북구	보문동	1,303	5,195	3.99	12.74
2016	성북구	정릉1동	732	2,053	2.8	12.84
2016	성북구	정릉2동	900	2,871	3.19	12.22
2016	성북구	정릉3동	667	4,319	6.48	9.6
2016	성북구	정릉4동	929	4,283	4.61	12.49
2016	성북구	길음1동	968	3,525	3.64	13.74
2016	성북구	길음2동	1,296	4,987	3.85	13.58
2016	성북구	월곡1동	1,376	5,062	3.68	11.63
2016	성북구	월곡2동	1,594	7,909	4.96	13.05
2016	성북구	장위1동	1,028	2,643	2.57	8.95
2016	성북구	장위2동	1,606	5,015	3.12	10.34
2016	성북구	장위3동	804	3,480	4.33	7.96
2016	성북구	성북동	1,107	5,286	4.78	13.1
2016	성북구	삼선동	1,849	10,526	5.69	12.76
2016	성북구	동선동	1,936	10,556	5.45	17.46
2016	성북구	종암동	2,048	7,309	3.57	12.45
2016	성북구	석관동	2,163	9,539	4.41	12.44
2016	강북구	계	18,742	69,768	3.72	12.9
2016	강북구	번1동	1,793	8,987	5.01	14.89
2016	강북구	번2동	656	3,314	5.05	8.69
2016	강북구	번3동	860	2,922	3.4	6.98
2016	강북구	수유1동	1,449	4,878	3.37	10.84
2016	강북구	수유2동	1,363	4,339	3.18	11.89
2016	강북구	수유3동	2,399	8,658	3.61	17.22
2016	강북구	삼양동	1,176	3,641	3.1	12.41
2016	강북구	미아동	1,639	6,194	3.78	13.61
2016	강북구	송중동	1,955	7,783	3.98	14.63
2016	강북구	송천동	2,128	7,241	3.4	11.7
2016	강북구	삼각산동	781	2,354	3.01	14.47
2016	강북구	우이동	993	3,970	4	12.99
2016	강북구	인수동	1,550	5,487	3.54	10
2016	도봉구	계	18,686	70,166	3.76	12.47
2016	도봉구	쌍문1동	928	3,908	4.21	11.64
2016	도봉구	쌍문2동	1,308	5,503	4.21	14.07
2016	도봉구	쌍문3동	975	4,078	4.18	14.46
2016	도봉구	쌍문4동	616	1,922	3.12	14.45
2016	도봉구	방학1동	2,330	10,831	4.65	14.25
2016	도봉구	방학2동	1,244	3,029	2.43	12.7
2016	도봉구	방학3동	871	3,127	3.59	10.68
2016	도봉구	창1동	1,404	3,739	2.66	10.11
2016	도봉구	창2동	1,398	4,457	3.19	10.94
2016	도봉구	창3동	969	2,242	2.31	13.42
2016	도봉구	창4동	1,284	7,286	5.67	13.01
2016	도봉구	창5동	2,219	7,259	3.27	10.86
2016	도봉구	도봉1동	1,701	6,063	3.56	12.58
2016	도봉구	도봉2동	1,439	6,722	4.67	12.44
2016	노원구	계	26,271	114,999	4.38	10.58
2016	노원구	월계1동	1,444	6,011	4.16	10.04
2016	노원구	월계2동	922	3,313	3.59	5.97
2016	노원구	월계3동	965	3,371	3.49	7.25
2016	노원구	공릉2동	1,944	11,763	6.05	10.8
2016	노원구	하계1동	1,023	7,727	7.55	12.61
2016	노원구	하계2동	387	1,248	3.22	5.68
2016	노원구	중계본동	1,184	5,296	4.47	11.15
2016	노원구	중계1동	951	4,219	4.44	9.67
2016	노원구	중계4동	1,044	3,766	3.61	11.49
2016	노원구	상계1동	3,133	10,559	3.37	7.88
2016	노원구	상계2동	2,459	9,991	4.06	17.24
2016	노원구	상계5동	1,568	4,708	3	12.88
2016	노원구	상계8동	577	1,935	3.35	5.89
2016	노원구	상계9동	721	2,519	3.49	8.46
2016	노원구	상계10동	469	2,191	4.67	8.53
2016	노원구	상계3.4동	1,434	4,495	3.13	8.65
2016	노원구	상계6.7동	1,910	14,943	7.82	10.73
2016	노원구	중계2.3동	1,360	5,472	4.02	10.81
2016	노원구	공릉1동	2,776	11,472	4.13	11.56
2016	은평구	계	24,615	90,203	3.66	12
2016	은평구	녹번동	1,900	9,821	5.17	11.42
2016	은평구	불광1동	1,640	6,326	3.86	11.28
2016	은평구	갈현1동	1,419	4,944	3.48	12.9
2016	은평구	갈현2동	1,594	6,148	3.86	12.92
2016	은평구	구산동	1,209	5,252	4.34	7.78
2016	은평구	대조동	2,553	8,019	3.14	14.57
2016	은평구	응암1동	1,680	7,696	4.58	10.89
2016	은평구	응암2동	610	1,823	2.99	9.34
2016	은평구	신사1동	1,290	3,909	3.03	9.15
2016	은평구	신사2동	1,639	3,686	2.25	4.76
2016	은평구	증산동	1,130	4,192	3.71	8.58
2016	은평구	수색동	727	2,695	3.71	7.84
2016	은평구	진관동	1,539	8,504	5.53	26.58
2016	은평구	불광2동	1,347	4,290	3.18	11.88
2016	은평구	응암3동	1,815	4,965	2.74	12.95
2016	은평구	역촌동	2,523	7,933	3.14	12.01
2016	서대문구	계	19,540	113,979	5.83	11.98
2016	서대문구	천연동	922	2,835	3.07	8.89
2016	서대문구	홍제1동	1,119	4,489	4.01	11.8
2016	서대문구	홍제3동	1,255	3,790	3.02	9.56
2016	서대문구	홍제2동	590	1,677	2.84	10.17
2016	서대문구	홍은1동	981	2,470	2.52	12.84
2016	서대문구	홍은2동	1,168	5,372	4.6	13.27
2016	서대문구	남가좌1동	733	2,047	2.79	16.51
2016	서대문구	남가좌2동	1,308	4,207	3.22	13.99
2016	서대문구	북가좌1동	642	3,126	4.87	14.02
2016	서대문구	북가좌2동	2,330	7,183	3.08	7.73
2016	서대문구	충현동	1,812	25,628	14.14	10.87
2016	서대문구	북아현동	790	2,099	2.66	14.05
2016	서대문구	신촌동	3,642	37,929	10.41	15.73
2016	서대문구	연희동	2,248	11,127	4.95	9.34
2016	마포구	계	36,191	250,605	6.92	15.51
2016	마포구	용강동	2,608	19,216	7.37	13.69
2016	마포구	대흥동	1,583	9,646	6.09	12.57
2016	마포구	염리동	720	3,618	5.03	15
2016	마포구	신수동	1,174	5,334	4.54	14.82
2016	마포구	서교동	9,536	62,203	6.52	17.71
2016	마포구	합정동	2,049	14,716	7.18	16.4
2016	마포구	망원1동	1,771	4,705	2.66	13.44
2016	마포구	망원2동	1,362	5,226	3.84	14.98
2016	마포구	연남동	1,506	5,926	3.93	20.45
2016	마포구	성산1동	1,539	11,078	7.2	11.18
2016	마포구	성산2동	1,782	11,771	6.61	11.28
2016	마포구	상암동	2,341	38,152	16.3	20.5
2016	마포구	도화동	2,012	15,583	7.75	13.02
2016	마포구	서강동	1,699	11,958	7.04	17.36
2016	마포구	공덕동	2,764	18,875	6.83	13.35
2016	마포구	아현동	1,745	12,598	7.22	12.72
2016	양천구	계	26,108	117,259	4.49	11.07
2016	양천구	목1동	2,943	20,725	7.04	14.17
2016	양천구	목2동	1,139	4,094	3.59	12.47
2016	양천구	목3동	1,242	4,644	3.74	12.48
2016	양천구	목4동	1,326	3,853	2.91	12.9
2016	양천구	신월1동	1,775	5,063	2.85	12.45
2016	양천구	신월2동	1,239	3,984	3.22	7.34
2016	양천구	신월3동	958	4,277	4.46	8.98
2016	양천구	신월4동	1,164	3,745	3.22	9.19
2016	양천구	신월5동	1,010	4,422	4.38	10.79
2016	양천구	신월6동	1,460	3,231	2.21	3.56
2016	양천구	신월7동	1,391	5,695	4.09	8.99
2016	양천구	신정1동	1,099	4,929	4.48	13.28
2016	양천구	신정2동	1,104	3,612	3.27	12.05
2016	양천구	신정3동	1,882	9,536	5.07	7.55
2016	양천구	신정6동	738	5,769	7.82	13.82
2016	양천구	신정7동	991	4,481	4.52	10.9
2016	양천구	목5동	1,525	10,258	6.73	11.67
2016	양천구	신정4동	3,122	14,941	4.79	12.97
2016	강서구	계	34,662	207,406	5.98	12.38
2016	강서구	염창동	2,149	15,633	7.27	8.98
2016	강서구	등촌1동	1,939	15,729	8.11	11.96
2016	강서구	등촌2동	735	3,454	4.7	9.66
2016	강서구	등촌3동	2,627	22,329	8.5	15.76
2016	강서구	화곡본동	1,355	4,047	2.99	10.7
2016	강서구	화곡2동	852	2,790	3.27	12.09
2016	강서구	화곡3동	1,227	5,360	4.37	15.57
2016	강서구	화곡4동	1,444	3,860	2.67	12.19
2016	강서구	화곡6동	1,850	11,322	6.12	13.84
2016	강서구	화곡8동	1,230	3,229	2.63	13.58
2016	강서구	가양1동	1,809	14,040	7.76	21.72
2016	강서구	가양2동	640	3,495	5.46	8.75
2016	강서구	가양3동	933	7,631	8.18	8.68
2016	강서구	발산1동	2,322	11,966	5.15	9.52
2016	강서구	공항동	1,973	35,503	17.99	12.47
2016	강서구	방화1동	2,879	10,377	3.6	12.16
2016	강서구	방화2동	2,932	13,631	4.65	8.77
2016	강서구	방화3동	932	4,739	5.08	8.26
2016	강서구	화곡1동	3,126	10,841	3.47	13.31
2016	강서구	우장산동	1,708	7,430	4.35	14.4
2016	구로구	계	38,033	211,391	5.56	11.19
2016	구로구	신도림동	2,835	14,839	5.23	13.69
2016	구로구	구로1동	626	3,021	4.83	8.95
2016	구로구	구로3동	6,881	82,785	12.03	15.3
2016	구로구	구로4동	2,023	5,011	2.48	12.65
2016	구로구	구로5동	4,857	26,516	5.46	12.25
2016	구로구	고척1동	2,629	9,475	3.6	9.59
2016	구로구	고척2동	1,427	3,976	2.79	9.32
2016	구로구	개봉2동	1,133	2,989	2.64	9.53
2016	구로구	개봉3동	1,012	5,099	5.04	9.98
2016	구로구	오류1동	1,121	5,158	4.6	12.13
2016	구로구	오류2동	1,573	7,882	5.01	13.1
2016	구로구	수궁동	1,272	5,881	4.62	9.04
2016	구로구	가리봉동	976	2,820	2.89	14.14
2016	구로구	구로2동	7,912	30,343	3.84	6.52
2016	구로구	개봉1동	1,756	5,596	3.19	11.45
2016	금천구	계	30,987	225,578	7.28	12.22
2016	금천구	가산동	13,752	153,745	11.18	14.18
2016	금천구	독산1동	3,922	24,440	6.23	10.76
2016	금천구	독산2동	1,178	3,542	3.01	12.65
2016	금천구	독산3동	2,190	8,267	3.77	11.92
2016	금천구	독산4동	1,011	3,674	3.63	12.56
2016	금천구	시흥1동	2,986	13,912	4.66	13.53
2016	금천구	시흥2동	576	2,005	3.48	9.2
2016	금천구	시흥3동	3,340	10,610	3.18	6.41
2016	금천구	시흥4동	859	1,938	2.26	10.36
2016	금천구	시흥5동	1,173	3,445	2.94	10.06
2016	영등포구	계	43,678	366,625	8.39	11.02
2016	영등포구	여의동	7,966	152,605	19.16	13.21
2016	영등포구	당산1동	3,183	18,621	5.85	11.72
2016	영등포구	당산2동	2,306	21,446	9.3	13.23
2016	영등포구	양평1동	3,246	23,475	7.23	5.7
2016	영등포구	양평2동	2,154	19,830	9.21	11.51
2016	영등포구	신길1동	1,176	6,721	5.72	8.16
2016	영등포구	신길3동	985	2,745	2.79	9.44
2016	영등포구	신길4동	491	1,691	3.44	8.76
2016	영등포구	신길5동	655	3,031	4.63	9.77
2016	영등포구	신길6동	1,277	4,697	3.68	9.48
2016	영등포구	신길7동	533	2,676	5.02	14.07
2016	영등포구	대림1동	1,128	4,251	3.77	9.57
2016	영등포구	대림2동	1,390	4,513	3.25	15.76
2016	영등포구	대림3동	2,807	11,203	3.99	10.01
2016	영등포구	영등포본동	1,470	5,715	3.89	14.63
2016	영등포구	영등포동	6,524	39,392	6.04	10.91
2016	영등포구	도림동	984	3,334	3.39	8.64
2016	영등포구	문래동	5,403	40,679	7.53	9.98
2016	동작구	계	19,747	108,058	5.47	12.42
2016	동작구	노량진2동	1,554	6,340	4.08	12.29
2016	동작구	상도1동	1,704	8,381	4.92	11.03
2016	동작구	상도2동	1,287	4,543	3.53	13.68
2016	동작구	상도3동	946	2,683	2.84	12.37
2016	동작구	상도4동	983	2,910	2.96	10.48
2016	동작구	사당1동	1,845	9,566	5.18	13.88
2016	동작구	사당3동	1,005	4,316	4.29	10.65
2016	동작구	사당4동	684	1,738	2.54	11.26
2016	동작구	사당5동	506	1,709	3.38	11.26
2016	동작구	대방동	1,660	12,152	7.32	12.47
2016	동작구	신대방1동	1,060	4,364	4.12	12.92
2016	동작구	신대방2동	1,219	24,086	19.76	12.47
2016	동작구	흑석동	1,495	10,142	6.78	11.77
2016	동작구	노량진1동	2,148	9,310	4.33	12.15
2016	동작구	사당2동	1,651	5,818	3.52	15.02
2016	관악구	계	26,377	113,781	4.31	11.76
2016	관악구	보라매동	1,397	6,434	4.61	11.38
2016	관악구	청림동	443	1,185	2.67	9.26
2016	관악구	행운동	1,464	6,151	4.2	14.82
2016	관악구	낙성대동	1,265	7,741	6.12	16.44
2016	관악구	중앙동	1,086	5,076	4.67	13.44
2016	관악구	인헌동	1,047	4,006	3.83	8.98
2016	관악구	남현동	874	5,163	5.91	9.73
2016	관악구	서원동	1,296	7,974	6.15	13.66
2016	관악구	신원동	851	2,453	2.88	13.4
2016	관악구	서림동	1,316	3,296	2.5	7.52
2016	관악구	신사동	1,422	4,712	3.31	11.67
2016	관악구	신림동	1,623	5,671	3.49	15.65
2016	관악구	난향동	420	1,926	4.59	9.29
2016	관악구	조원동	2,184	7,073	3.24	10.71
2016	관악구	대학동	1,701	12,609	7.41	14.11
2016	관악구	은천동	1,596	7,330	4.59	9.77
2016	관악구	성현동	880	2,964	3.37	10.34
2016	관악구	청룡동	1,866	11,207	6.01	12.75
2016	관악구	난곡동	959	2,411	2.51	10.53
2016	관악구	삼성동	1,062	2,372	2.23	6.59
2016	관악구	미성동	1,625	6,027	3.71	10.58
2016	서초구	계	46,404	427,227	9.21	12.79
2016	서초구	서초1동	3,626	29,810	8.22	12.47
2016	서초구	서초2동	4,406	48,060	10.91	14.55
2016	서초구	서초3동	7,466	74,335	9.96	14.26
2016	서초구	서초4동	2,916	27,163	9.32	15.33
2016	서초구	잠원동	2,273	16,956	7.46	12.19
2016	서초구	반포본동	677	2,727	4.03	13
2016	서초구	반포1동	1,517	8,836	5.82	14.83
2016	서초구	반포2동	452	2,841	6.29	10.4
2016	서초구	반포3동	922	7,073	7.67	13.45
2016	서초구	반포4동	3,594	32,423	9.02	11.77
2016	서초구	방배본동	1,670	10,580	6.34	13.59
2016	서초구	방배1동	1,767	14,930	8.45	12.85
2016	서초구	방배2동	1,957	17,422	8.9	11.65
2016	서초구	방배3동	1,222	13,934	11.4	10.88
2016	서초구	방배4동	2,384	14,073	5.9	10.99
2016	서초구	양재1동	3,631	46,647	12.85	11.73
2016	서초구	양재2동	5,257	50,006	9.51	10.54
2016	서초구	내곡동	667	9,411	14.11	13.34
2016	강남구	계	72,281	689,623	9.54	16.1
2016	강남구	신사동	4,503	27,741	6.16	15.94
2016	강남구	논현1동	5,788	44,157	7.63	17.78
2016	강남구	논현2동	5,656	60,642	10.72	17.57
2016	강남구	삼성1동	4,330	66,958	15.46	16.77
2016	강남구	삼성2동	3,734	38,887	10.41	17.89
2016	강남구	대치1동	1,066	7,154	6.71	17.54
2016	강남구	대치4동	3,716	27,829	7.49	17.01
2016	강남구	역삼1동	15,079	147,157	9.76	19.18
2016	강남구	역삼2동	3,416	38,937	11.4	16.77
2016	강남구	도곡1동	1,614	17,135	10.62	13.63
2016	강남구	도곡2동	1,926	22,629	11.75	11.21
2016	강남구	개포1동	503	1,616	3.21	12.52
2016	강남구	개포4동	2,221	12,024	5.41	9
2016	강남구	일원본동	564	8,402	14.9	14.01
2016	강남구	일원1동	1,870	7,340	3.93	5.67
2016	강남구	일원2동	636	10,125	15.92	10.69
2016	강남구	수서동	1,584	15,857	10.01	10.1
2016	강남구	세곡동	950	5,285	5.56	20.42
2016	강남구	압구정동	4,314	29,474	6.83	16.16
2016	강남구	청담동	4,497	39,652	8.82	14.21
2016	강남구	대치2동	3,468	57,241	16.51	13.58
2016	강남구	개포2동	846	3,381	4	12.41
2016	송파구	계	45,555	312,661	6.86	13.73
2016	송파구	풍납1동	770	2,443	3.17	11.04
2016	송파구	풍납2동	1,182	15,395	13.02	11
2016	송파구	거여1동	881	3,041	3.45	12.15
2016	송파구	거여2동	951	4,152	4.37	8.94
2016	송파구	마천1동	948	2,165	2.28	12.66
2016	송파구	마천2동	1,373	4,414	3.21	11.65
2016	송파구	방이1동	1,326	12,889	9.72	14.25
2016	송파구	방이2동	2,969	22,135	7.46	15.8
2016	송파구	오륜동	516	4,514	8.75	8.14
2016	송파구	오금동	2,427	16,661	6.86	11.54
2016	송파구	송파1동	2,487	13,710	5.51	11.5
2016	송파구	송파2동	936	6,088	6.5	13.35
2016	송파구	석촌동	2,663	13,767	5.17	12.96
2016	송파구	삼전동	2,050	14,868	7.25	15.37
2016	송파구	가락본동	3,598	28,777	8	13.67
2016	송파구	가락1동	2,865	10,639	3.71	4.08
2016	송파구	가락2동	1,909	10,539	5.52	12.52
2016	송파구	문정1동	1,381	8,917	6.46	14.05
2016	송파구	문정2동	3,823	24,211	6.33	18.18
2016	송파구	장지동	1,426	10,324	7.24	12.76
2016	송파구	위례동	329	2,815	8.56	58.36
2016	송파구	잠실본동	3,149	22,442	7.13	18.45
2016	송파구	잠실4동	503	2,071	4.12	16.7
2016	송파구	잠실6동	2,493	39,676	15.91	12.56
2016	송파구	잠실7동	199	1,194	6	9.55
2016	송파구	잠실2동	821	4,616	5.62	18.15
2016	송파구	잠실3동	1,580	10,198	6.45	16.33
2016	강동구	계	30,268	141,100	4.66	12.43
2016	강동구	강일동	946	15,030	15.89	10.99
2016	강동구	상일동	1,018	5,201	5.11	10.61
2016	강동구	명일1동	1,681	6,083	3.62	12.91
2016	강동구	명일2동	1,151	4,698	4.08	11.38
2016	강동구	고덕1동	610	1,993	3.27	10.33
2016	강동구	고덕2동	1,786	3,245	1.82	3.36
2016	강동구	암사2동	864	5,139	5.95	12.04
2016	강동구	암사3동	609	2,009	3.3	9.69
2016	강동구	천호1동	1,529	5,643	3.69	11.71
2016	강동구	천호3동	1,863	7,584	4.07	15.14
2016	강동구	성내1동	2,105	18,175	8.63	11.64
2016	강동구	성내2동	1,978	7,625	3.85	15.62
2016	강동구	성내3동	2,461	9,455	3.84	14.3
2016	강동구	둔촌1동	408	1,371	3.36	8.09
2016	강동구	둔촌2동	1,637	9,468	5.78	13.07
2016	강동구	암사1동	1,927	5,510	2.86	12.77
2016	강동구	천호2동	3,707	14,190	3.83	14.41
2016	강동구	길동	3,988	18,681	4.68	13.06