기간	자치구	동	장애등급	장애등급	장애등급	장애등급	장애등급	장애등급	장애등급	장애등급	장애등급	장애등급	장애등급	장애등급	장애등급	장애등급	장애등급	장애등급	장애등급	장애등급	장애등급	장애등급	장애등급
기간	자치구	동	합계	합계	합계	1급	1급	1급	2급	2급	2급	3급	3급	3급	4급	4급	4급	5급	5급	5급	6급	6급	6급
기간	자치구	동	계	남자	여자	계	남자	여자	계	남자	여자	계	남자	여자	계	남자	여자	계	남자	여자	계	남자	여자
2016	합계	합계	391,027	227,271	163,756	33,086	19,767	13,319	52,680	31,213	21,467	65,384	39,872	25,512	57,762	29,267	28,495	82,013	43,425	38,588	100,102	63,727	36,375
2016	종로구	소계	6,072	3,492	2,580	507	293	214	785	481	304	1,005	629	376	983	446	537	1,319	680	639	1,473	963	510
2016	종로구	사직동	315	176	139	39	22	17	40	27	13	59	32	27	55	25	30	58	33	25	64	37	27
2016	종로구	삼청동	126	68	58	13	3	10	21	12	9	16	10	6	24	13	11	24	14	10	28	16	12
2016	종로구	부암동	334	197	137	31	18	13	49	29	20	53	29	24	44	22	22	70	34	36	87	65	22
2016	종로구	평창동	573	293	280	47	25	22	84	49	35	80	41	39	99	37	62	130	58	72	133	83	50
2016	종로구	무악동	300	174	126	28	17	11	38	23	15	49	37	12	48	25	23	66	36	30	71	36	35
2016	종로구	교남동	247	137	110	11	7	4	27	19	8	40	20	20	41	22	19	55	21	34	73	48	25
2016	종로구	가회동	182	93	89	17	10	7	31	15	16	30	18	12	34	13	21	37	19	18	33	18	15
2016	종로구	종로1.2.3.4가동	392	268	124	21	15	6	45	32	13	85	61	24	64	36	28	87	56	31	90	68	22
2016	종로구	종로5·6가동	291	190	101	20	13	7	37	26	11	44	31	13	51	27	24	65	37	28	74	56	18
2016	종로구	이화동	318	170	148	25	15	10	35	20	15	56	31	25	47	18	29	75	39	36	80	47	33
2016	종로구	창신1동	300	185	115	13	9	4	40	24	16	48	36	12	57	31	26	65	31	34	77	54	23
2016	종로구	창신2동	517	294	223	22	13	9	55	34	21	87	56	31	99	44	55	111	55	56	143	92	51
2016	종로구	창신3동	325	181	144	15	8	7	39	22	17	49	33	16	51	15	36	95	51	44	76	52	24
2016	종로구	숭인1동	282	150	132	8	5	3	39	22	17	45	25	20	46	19	27	73	35	38	71	44	27
2016	종로구	숭인2동	472	303	169	26	17	9	56	35	21	85	60	25	75	42	33	99	50	49	131	99	32
2016	종로구	청운효자동	526	273	253	126	69	57	63	34	29	81	47	34	68	21	47	86	42	44	102	60	42
2016	종로구	혜화동	572	340	232	45	27	18	86	58	28	98	62	36	80	36	44	123	69	54	140	88	52
2016	중구	소계	5,719	3,294	2,425	475	271	204	722	423	299	924	592	332	930	433	497	1,200	650	550	1,468	925	543
2016	중구	소공동	38	23	15	2	2	-	8	5	3	3	2	1	7	3	4	9	5	4	9	6	3
2016	중구	회현동	336	218	118	41	25	16	33	22	11	72	50	22	52	30	22	61	35	26	77	56	21
2016	중구	명동	117	70	47	19	11	8	14	9	5	15	9	6	15	6	9	26	12	14	28	23	5
2016	중구	필동	190	117	73	25	16	9	23	13	10	27	15	12	26	14	12	35	24	11	54	35	19
2016	중구	장충동	213	116	97	13	7	6	19	11	8	44	23	21	34	14	20	53	30	23	50	31	19
2016	중구	광희동	251	154	97	14	9	5	33	20	13	34	24	10	49	21	28	48	32	16	73	48	25
2016	중구	을지로동	99	74	25	2	1	1	10	4	6	16	15	1	23	16	7	20	15	5	28	23	5
2016	중구	신당5동	459	274	185	33	22	11	49	31	18	87	57	30	80	34	46	93	53	40	117	77	40
2016	중구	황학동	542	321	221	37	24	13	67	35	32	86	66	20	83	36	47	105	56	49	164	104	60
2016	중구	중림동	438	248	190	29	15	14	65	41	24	77	51	26	66	34	32	93	51	42	108	56	52
2016	중구	신당동	377	235	142	23	17	6	49	37	12	59	41	18	53	30	23	82	38	44	111	72	39
2016	중구	다산동	670	370	300	46	30	16	76	40	36	99	58	41	108	46	62	160	86	74	181	110	71
2016	중구	약수동	888	465	423	95	42	53	120	59	61	132	75	57	131	58	73	185	103	82	225	128	97
2016	중구	청구동	658	373	285	56	31	25	95	59	36	102	65	37	124	55	69	142	72	70	139	91	48
2016	중구	동화동	443	236	207	40	19	21	61	37	24	71	41	30	79	36	43	88	38	50	104	65	39
2016	용산구	소계	8,189	4,757	3,432	654	377	277	994	586	408	1,358	861	497	1,324	655	669	1,751	932	819	2,108	1,346	762
2016	용산구	후암동	840	487	353	97	60	37	121	69	52	134	76	58	127	61	66	165	98	67	196	123	73
2016	용산구	용산2가동	491	264	227	30	19	11	52	33	19	77	42	35	83	39	44	114	56	58	135	75	60
2016	용산구	남영동	577	442	135	25	21	4	75	55	20	125	99	26	105	76	29	97	74	23	150	117	33
2016	용산구	원효로2동	522	287	235	28	10	18	70	35	35	106	59	47	79	34	45	108	65	43	131	84	47
2016	용산구	효창동	325	173	152	29	19	10	39	26	13	47	25	22	54	17	37	75	37	38	81	49	32
2016	용산구	용문동	451	236	215	41	20	21	56	22	34	66	39	27	96	48	48	76	41	35	116	66	50
2016	용산구	이촌1동	543	314	229	65	37	28	70	43	27	88	56	32	82	42	40	120	64	56	118	72	46
2016	용산구	이촌2동	357	210	147	30	16	14	41	24	17	58	41	17	65	37	28	85	47	38	78	45	33
2016	용산구	이태원1동	246	142	104	18	11	7	35	20	15	39	28	11	39	15	24	55	27	28	60	41	19
2016	용산구	이태원2동	344	194	150	24	13	11	37	22	15	56	34	22	55	25	30	85	44	41	87	56	31
2016	용산구	서빙고동	393	208	185	40	23	17	47	23	24	65	41	24	53	23	30	89	42	47	99	56	43
2016	용산구	보광동	651	366	285	37	22	15	66	38	28	106	61	45	108	51	57	138	70	68	196	124	72
2016	용산구	청파동	830	504	326	51	29	22	116	76	40	132	88	44	116	61	55	179	92	87	236	158	78
2016	용산구	원효로1동	454	264	190	44	25	19	47	27	20	77	47	30	77	41	36	101	50	51	108	74	34
2016	용산구	한강로동	499	307	192	46	30	16	55	37	18	79	55	24	81	41	40	110	52	58	128	92	36
2016	용산구	한남동	666	359	307	49	22	27	67	36	31	103	70	33	104	44	60	154	73	81	189	114	75
2016	성동구	소계	11,664	6,812	4,852	759	442	317	1,424	839	585	1,918	1,191	727	1,913	932	981	2,656	1,440	1,216	2,994	1,968	1,026
2016	성동구	왕십리2동	653	361	292	35	27	8	77	45	32	111	66	45	114	45	69	149	76	73	167	102	65
2016	성동구	마장동	1,133	691	442	102	62	40	153	95	58	186	119	67	195	112	83	245	135	110	252	168	84
2016	성동구	사근동	403	224	179	19	12	7	42	23	19	70	41	29	63	19	44	98	56	42	111	73	38
2016	성동구	행당1동	557	345	212	34	19	15	68	47	21	94	61	33	116	58	58	116	69	47	129	91	38
2016	성동구	행당2동	879	481	398	60	30	30	121	59	62	154	88	66	122	61	61	203	103	100	219	140	79
2016	성동구	응봉동	536	295	241	43	29	14	69	43	26	76	39	37	101	46	55	120	62	58	127	76	51
2016	성동구	금호1가동	620	322	298	41	14	27	85	45	40	104	58	46	98	46	52	146	73	73	146	86	60
2016	성동구	금호4가동	499	278	221	25	15	10	71	42	29	65	34	31	81	36	45	117	62	55	140	89	51
2016	성동구	성수1가1동	612	372	240	46	22	24	78	48	30	108	77	31	91	49	42	137	72	65	152	104	48
2016	성동구	성수1가2동	577	332	245	24	12	12	72	44	28	85	52	33	98	45	53	131	66	65	167	113	54
2016	성동구	성수2가1동	862	557	305	58	38	20	96	55	41	141	88	53	142	89	53	183	118	65	242	169	73
2016	성동구	성수2가3동	455	278	177	29	20	9	58	33	25	60	35	25	75	40	35	108	62	46	125	88	37
2016	성동구	송정동	536	325	211	24	11	13	67	48	19	88	54	34	84	45	39	143	77	66	130	90	40
2016	성동구	용답동	806	511	295	46	28	18	82	53	29	173	137	36	123	57	66	176	103	73	206	133	73
2016	성동구	왕십리도선동	888	507	381	66	41	25	106	51	55	152	96	56	141	65	76	195	98	97	228	156	72
2016	성동구	금호2.3가동	968	550	418	60	36	24	103	60	43	133	77	56	159	75	84	230	118	112	283	184	99
2016	성동구	옥수동	680	383	297	47	26	21	76	48	28	118	69	49	110	44	66	159	90	69	170	106	64
2016	광진구	소계	12,356	7,211	5,145	910	525	385	1,546	932	614	2,052	1,224	828	1,882	981	901	2,718	1,453	1,265	3,248	2,096	1,152
2016	광진구	화양동	581	351	230	46	28	18	62	40	22	85	55	30	97	49	48	131	72	59	160	107	53
2016	광진구	군자동	774	445	329	53	25	28	102	55	47	122	76	46	119	65	54	193	99	94	185	125	60
2016	광진구	중곡1동	683	396	287	41	21	20	91	56	35	116	72	44	102	53	49	145	78	67	188	116	72
2016	광진구	중곡2동	871	505	366	67	43	24	108	63	45	136	80	56	116	63	53	219	119	100	225	137	88
2016	광진구	중곡3동	748	468	280	39	31	8	95	59	36	153	99	54	100	62	38	156	81	75	205	136	69
2016	광진구	중곡4동	1,348	772	576	92	56	36	156	90	66	243	148	95	187	103	84	295	154	141	375	221	154
2016	광진구	능동	364	224	140	34	16	18	46	28	18	62	44	18	45	22	23	80	48	32	97	66	31
2016	광진구	구의1동	792	465	327	60	34	26	104	68	36	143	76	67	108	51	57	156	85	71	221	151	70
2016	광진구	구의2동	1,044	627	417	70	43	27	138	80	58	160	101	59	169	97	72	213	117	96	294	189	105
2016	광진구	구의3동	775	419	356	74	39	35	78	39	39	120	75	45	126	57	69	180	94	86	197	115	82
2016	광진구	광장동	708	413	295	78	47	31	89	54	35	122	67	55	106	45	61	152	83	69	161	117	44
2016	광진구	자양1동	880	502	378	59	35	24	103	61	42	149	79	70	157	78	79	188	105	83	224	144	80
2016	광진구	자양2동	973	567	406	88	47	41	144	90	54	163	95	68	139	71	68	195	107	88	244	157	87
2016	광진구	자양3동	777	455	322	59	28	31	106	68	38	106	61	45	128	71	57	181	92	89	197	135	62
2016	광진구	자양4동	1,038	602	436	50	32	18	124	81	43	172	96	76	183	94	89	234	119	115	275	180	95
2016	동대문구	소계	15,909	9,303	6,606	1,038	633	405	1,904	1,162	742	2,681	1,700	981	2,575	1,314	1,261	3,461	1,830	1,631	4,250	2,664	1,586
2016	동대문구	회기동	315	173	142	24	16	8	42	23	19	43	21	22	56	26	30	77	44	33	73	43	30
2016	동대문구	휘경1동	616	350	266	35	16	19	76	49	27	106	74	32	87	44	43	141	68	73	171	99	72
2016	동대문구	휘경2동	860	483	377	52	30	22	102	60	42	117	74	43	125	55	70	207	100	107	257	164	93
2016	동대문구	청량리동	1,384	828	556	85	45	40	145	99	46	248	155	93	251	126	125	302	175	127	353	228	125
2016	동대문구	용신동	1,479	874	605	86	62	24	174	102	72	226	147	79	261	126	135	339	169	170	393	268	125
2016	동대문구	제기동	1,314	745	569	87	59	28	147	94	53	217	130	87	240	105	135	287	150	137	336	207	129
2016	동대문구	전농1동	1,576	936	640	80	49	31	199	120	79	264	166	98	253	154	99	359	205	154	421	242	179
2016	동대문구	전농2동	875	501	374	61	46	15	101	57	44	158	99	59	126	52	74	193	99	94	236	148	88
2016	동대문구	답십리1동	958	535	423	63	35	28	116	64	52	178	113	65	153	73	80	218	104	114	230	146	84
2016	동대문구	답십리2동	1,439	849	590	99	53	46	199	113	86	231	149	82	230	133	97	292	156	136	388	245	143
2016	동대문구	장안1동	1,552	945	607	115	71	44	181	119	62	262	163	99	235	129	106	333	181	152	426	282	144
2016	동대문구	장안2동	1,223	725	498	89	51	38	164	103	61	220	147	73	193	95	98	233	129	104	324	200	124
2016	동대문구	이문1동	1,287	772	515	85	50	35	138	88	50	232	153	79	204	111	93	259	144	115	369	226	143
2016	동대문구	이문2동	1,031	587	444	77	50	27	120	71	49	179	109	70	161	85	76	221	106	115	273	166	107
2016	중랑구	소계	19,882	11,541	8,341	1,464	903	561	2,541	1,513	1,028	3,403	2,075	1,328	3,063	1,555	1,508	4,090	2,129	1,961	5,321	3,366	1,955
2016	중랑구	면목2동	1,279	742	537	77	49	28	149	99	50	226	146	80	202	85	117	279	131	148	346	232	114
2016	중랑구	면목4동	1,271	757	514	93	58	35	195	124	71	287	178	109	184	80	104	208	122	86	304	195	109
2016	중랑구	면목5동	529	337	192	27	15	12	69	48	21	77	44	33	76	51	25	134	74	60	146	105	41
2016	중랑구	면목7동	1,035	595	440	67	40	27	106	61	45	176	111	65	181	87	94	207	112	95	298	184	114
2016	중랑구	상봉1동	1,420	826	594	139	85	54	236	152	84	285	158	127	210	100	110	243	134	109	307	197	110
2016	중랑구	상봉2동	861	494	367	54	38	16	79	49	30	132	86	46	131	59	72	210	101	109	255	161	94
2016	중랑구	중화1동	861	512	349	51	35	16	106	69	37	155	99	56	149	76	73	162	87	75	238	146	92
2016	중랑구	중화2동	1,510	865	645	86	50	36	168	96	72	248	145	103	233	120	113	324	179	145	451	275	176
2016	중랑구	묵1동	1,337	776	561	92	59	33	158	86	72	210	135	75	198	105	93	298	151	147	381	240	141
2016	중랑구	묵2동	869	518	351	49	29	20	98	63	35	139	92	47	144	65	79	183	104	79	256	165	91
2016	중랑구	망우3동	957	566	391	75	38	37	108	63	45	169	97	72	146	81	65	202	101	101	257	186	71
2016	중랑구	신내1동	1,892	1,037	855	195	117	78	242	129	113	298	168	130	256	117	139	410	208	202	491	298	193
2016	중랑구	신내2동	1,421	799	622	163	99	64	281	161	120	277	162	115	184	100	84	234	128	106	282	149	133
2016	중랑구	면목본동	1,646	966	680	112	74	38	174	103	71	246	153	93	285	161	124	360	176	184	469	299	170
2016	중랑구	면목3.8동	1,272	757	515	68	41	27	167	98	69	226	143	83	201	113	88	260	134	126	350	228	122
2016	중랑구	망우본동	1,722	994	728	116	76	40	205	112	93	252	158	94	283	155	128	376	187	189	490	306	184
2016	성북구	소계	17,755	10,159	7,596	1,387	807	580	2,181	1,289	892	2,744	1,675	1,069	2,744	1,303	1,441	3,917	2,038	1,879	4,782	3,047	1,735
2016	성북구	돈암1동	637	344	293	46	28	18	75	40	35	101	54	47	120	51	69	139	72	67	156	99	57
2016	성북구	돈암2동	652	389	263	49	30	19	94	56	38	100	64	36	90	47	43	145	84	61	174	108	66
2016	성북구	안암동	618	370	248	86	56	30	87	47	40	94	62	32	73	38	35	125	72	53	153	95	58
2016	성북구	보문동	605	340	265	39	22	17	57	37	20	113	77	36	95	38	57	137	60	77	164	106	58
2016	성북구	정릉1동	690	390	300	52	30	22	79	52	27	107	69	38	109	47	62	165	83	82	178	109	69
2016	성북구	정릉2동	970	522	448	65	34	31	135	78	57	150	85	65	156	66	90	213	107	106	251	152	99
2016	성북구	정릉3동	773	446	327	43	23	20	90	54	36	122	86	36	134	62	72	173	86	87	211	135	76
2016	성북구	정릉4동	1,046	608	438	90	51	39	131	79	52	154	87	67	161	87	74	238	126	112	272	178	94
2016	성북구	길음1동	1,057	577	480	117	67	50	119	63	56	154	98	56	170	70	100	238	118	120	259	161	98
2016	성북구	길음2동	532	295	237	41	23	18	51	34	17	93	47	46	82	31	51	114	59	55	151	101	50
2016	성북구	월곡1동	1,184	668	516	90	47	43	147	101	46	189	97	92	180	96	84	252	124	128	326	203	123
2016	성북구	월곡2동	930	550	380	58	32	26	111	57	54	149	92	57	140	73	67	219	125	94	253	171	82
2016	성북구	장위1동	1,032	592	440	45	27	18	128	79	49	154	89	65	148	81	67	232	112	120	325	204	121
2016	성북구	장위2동	998	610	388	67	47	20	128	79	49	159	107	52	162	90	72	218	120	98	264	167	97
2016	성북구	장위3동	688	414	274	60	36	24	95	53	42	100	64	36	97	53	44	130	76	54	206	132	74
2016	성북구	성북동	597	344	253	59	33	26	76	46	30	88	56	32	85	37	48	127	70	57	162	102	60
2016	성북구	삼선동	981	552	429	79	52	27	131	78	53	173	104	69	157	73	84	198	96	102	243	149	94
2016	성북구	동선동	553	317	236	81	49	32	51	30	21	67	47	20	88	41	47	120	55	65	146	95	51
2016	성북구	종암동	1,572	885	687	105	59	46	201	116	85	258	148	110	243	106	137	359	186	173	406	270	136
2016	성북구	석관동	1,640	946	694	115	61	54	195	110	85	219	142	77	254	116	138	375	207	168	482	310	172
2016	강북구	소계	17,338	9,913	7,425	1,493	867	626	2,396	1,414	982	2,822	1,711	1,111	2,611	1,329	1,282	3,606	1,879	1,727	4,410	2,713	1,697
2016	강북구	번1동	914	544	370	61	33	28	89	60	29	145	84	61	131	69	62	200	108	92	288	190	98
2016	강북구	번2동	1,394	790	604	128	71	57	251	147	104	236	137	99	204	116	88	279	146	133	296	173	123
2016	강북구	번3동	2,010	1,136	874	247	146	101	380	224	156	455	280	175	268	129	139	323	169	154	337	188	149
2016	강북구	수유1동	1,296	763	533	183	114	69	166	110	56	183	109	74	196	97	99	238	128	110	330	205	125
2016	강북구	수유2동	1,029	576	453	79	46	33	147	85	62	190	112	78	150	79	71	214	107	107	249	147	102
2016	강북구	수유3동	1,113	653	460	78	49	29	135	84	51	173	115	58	166	83	83	228	117	111	333	205	128
2016	강북구	삼양동	1,529	884	645	109	66	43	170	100	70	230	145	85	242	126	116	354	176	178	424	271	153
2016	강북구	미아동	1,138	652	486	82	42	40	154	84	70	168	104	64	173	83	90	243	144	99	318	195	123
2016	강북구	송중동	1,402	815	587	90	47	43	171	104	67	226	151	75	237	130	107	326	159	167	352	224	128
2016	강북구	송천동	1,542	884	658	77	42	35	202	111	91	213	139	74	258	127	131	367	195	172	425	270	155
2016	강북구	삼각산동	1,249	681	568	106	62	44	188	107	81	200	103	97	179	87	92	249	115	134	327	207	120
2016	강북구	우이동	987	559	428	85	50	35	116	68	48	143	76	67	158	72	86	209	124	85	276	169	107
2016	강북구	인수동	1,735	976	759	168	99	69	227	130	97	260	156	104	249	131	118	376	191	185	455	269	186
2016	도봉구	소계	15,015	8,741	6,274	1,282	722	560	1,938	1,116	822	2,433	1,522	911	2,192	1,141	1,051	3,209	1,669	1,540	3,961	2,571	1,390
2016	도봉구	쌍문1동	1,051	617	434	78	43	35	127	70	57	173	115	58	160	82	78	231	117	114	282	190	92
2016	도봉구	쌍문2동	929	532	397	79	44	35	116	66	50	144	91	53	158	74	84	188	106	82	244	151	93
2016	도봉구	쌍문3동	764	438	326	39	22	17	103	64	39	121	73	48	117	62	55	192	87	105	192	130	62
2016	도봉구	쌍문4동	668	377	291	55	32	23	105	65	40	89	51	38	110	50	60	151	77	74	158	102	56
2016	도봉구	방학1동	1,439	878	561	123	74	49	178	105	73	241	156	85	200	106	94	318	179	139	379	258	121
2016	도봉구	방학2동	1,183	688	495	102	61	41	142	84	58	203	118	85	178	100	78	247	127	120	311	198	113
2016	도봉구	방학3동	1,014	585	429	84	48	36	142	73	69	170	98	72	119	55	64	202	102	100	297	209	88
2016	도봉구	창1동	1,032	562	470	88	52	36	130	72	58	167	96	71	172	87	85	209	97	112	266	158	108
2016	도봉구	창2동	1,268	740	528	91	48	43	145	88	57	203	127	76	190	105	85	275	146	129	364	226	138
2016	도봉구	창3동	794	487	307	74	41	33	102	60	42	134	95	39	107	56	51	166	84	82	211	151	60
2016	도봉구	창4동	1,000	553	447	101	51	50	144	71	73	153	97	56	130	69	61	227	109	118	245	156	89
2016	도봉구	창5동	991	568	423	86	48	38	117	74	43	155	99	56	147	69	78	216	107	109	270	171	99
2016	도봉구	도봉1동	1,476	875	601	150	79	71	202	114	88	267	164	103	215	128	87	297	167	130	345	223	122
2016	도봉구	도봉2동	1,406	841	565	132	79	53	185	110	75	213	142	71	189	98	91	290	164	126	397	248	149
2016	노원구	소계	27,430	15,145	12,285	2,940	1,711	1,229	4,340	2,462	1,878	5,006	2,944	2,062	3,741	1,800	1,941	5,187	2,522	2,665	6,216	3,706	2,510
2016	노원구	월계1동	1,008	589	419	77	44	33	122	74	48	158	108	50	152	79	73	227	117	110	272	167	105
2016	노원구	월계2동	2,168	1,210	958	211	116	95	431	264	167	492	289	203	272	134	138	343	161	182	419	246	173
2016	노원구	월계3동	1,976	1,064	912	213	133	80	319	169	150	385	221	164	282	130	152	338	155	183	439	256	183
2016	노원구	공릉2동	1,438	792	646	113	73	40	187	110	77	193	111	82	234	113	121	300	153	147	411	232	179
2016	노원구	하계1동	2,095	1,067	1,028	337	182	155	405	217	188	458	248	210	266	108	158	299	132	167	330	180	150
2016	노원구	하계2동	1,021	557	464	124	59	65	162	88	74	185	118	67	132	54	78	188	89	99	230	149	81
2016	노원구	중계본동	895	500	395	110	64	46	116	64	52	138	86	52	103	56	47	220	108	112	208	122	86
2016	노원구	중계1동	792	440	352	77	44	33	115	63	52	127	74	53	118	58	60	148	75	73	207	126	81
2016	노원구	중계4동	1,399	771	628	119	64	55	269	164	105	307	194	113	185	93	92	263	122	141	256	134	122
2016	노원구	상계1동	1,902	1,074	828	265	162	103	230	131	99	287	168	119	258	128	130	369	179	190	493	306	187
2016	노원구	상계2동	887	535	352	84	53	31	121	77	44	174	103	71	119	72	47	199	108	91	190	122	68
2016	노원구	상계5동	1,349	755	594	88	60	28	171	100	71	230	135	95	197	94	103	301	137	164	362	229	133
2016	노원구	상계8동	724	404	320	51	34	17	88	52	36	114	67	47	120	53	67	140	64	76	211	134	77
2016	노원구	상계9동	761	419	342	77	45	32	106	62	44	119	66	53	80	38	42	185	89	96	194	119	75
2016	노원구	상계10동	583	321	262	58	32	26	83	43	40	91	62	29	85	40	45	125	63	62	141	81	60
2016	노원구	상계3.4동	1,760	1,000	760	114	68	46	246	145	101	298	177	121	258	127	131	391	191	200	453	292	161
2016	노원구	상계6.7동	1,272	691	581	132	70	62	161	86	75	209	125	84	155	67	88	271	140	131	344	203	141
2016	노원구	중계2.3동	3,214	1,727	1,487	479	275	204	660	359	301	638	361	277	418	209	209	469	227	242	550	296	254
2016	노원구	공릉1동	2,186	1,229	957	211	133	78	348	194	154	403	231	172	307	147	160	411	212	199	506	312	194
2016	은평구	소계	21,352	12,586	8,766	1,957	1,264	693	2,973	1,830	1,143	3,472	2,187	1,285	3,174	1,655	1,519	4,352	2,292	2,060	5,424	3,358	2,066
2016	은평구	녹번동	1,407	820	587	104	68	36	159	98	61	209	129	80	221	118	103	315	157	158	399	250	149
2016	은평구	불광1동	1,597	906	691	105	59	46	216	112	104	258	151	107	232	126	106	365	191	174	421	267	154
2016	은평구	갈현1동	1,115	650	465	75	45	30	152	95	57	198	115	83	178	92	86	226	122	104	286	181	105
2016	은평구	갈현2동	1,196	701	495	90	54	36	138	76	62	202	125	77	189	109	80	263	140	123	314	197	117
2016	은평구	구산동	2,280	1,644	636	467	393	74	536	422	114	386	292	94	231	142	89	304	184	120	356	211	145
2016	은평구	대조동	1,452	828	624	100	59	41	203	121	82	233	139	94	230	125	105	306	159	147	380	225	155
2016	은평구	응암1동	1,189	656	533	97	57	40	138	66	72	203	122	81	171	80	91	245	122	123	335	209	126
2016	은평구	응암2동	726	406	320	52	33	19	99	64	35	119	72	47	125	66	59	150	78	72	181	93	88
2016	은평구	신사1동	1,133	674	459	88	47	41	146	93	53	181	121	60	152	71	81	239	139	100	327	203	124
2016	은평구	신사2동	918	542	376	70	39	31	133	85	48	133	89	44	138	62	76	215	120	95	229	147	82
2016	은평구	증산동	798	470	328	52	33	19	101	59	42	133	81	52	128	71	57	168	82	86	216	144	72
2016	은평구	수색동	871	483	388	76	50	26	108	58	50	131	79	52	142	65	77	198	104	94	216	127	89
2016	은평구	진관동	1,855	1,044	811	206	131	75	228	129	99	307	190	117	262	119	143	377	201	176	475	274	201
2016	은평구	불광2동	1,451	833	618	102	52	50	195	111	84	226	146	80	234	118	116	285	146	139	409	260	149
2016	은평구	응암3동	1,277	749	528	96	56	40	149	91	58	197	125	72	207	117	90	292	145	147	336	215	121
2016	은평구	역촌동	2,087	1,180	907	177	88	89	272	150	122	356	211	145	334	174	160	404	202	202	544	355	189
2016	서대문구	소계	12,626	7,056	5,570	990	568	422	1,640	964	676	2,021	1,184	837	1,971	945	1,026	2,734	1,402	1,332	3,270	1,993	1,277
2016	서대문구	천연동	784	434	350	68	37	31	119	74	45	129	75	54	127	55	72	153	76	77	188	117	71
2016	서대문구	홍제1동	951	532	419	70	41	29	129	78	51	150	90	60	137	60	77	224	116	108	241	147	94
2016	서대문구	홍제3동	920	497	423	58	29	29	106	66	40	140	77	63	146	69	77	213	100	113	257	156	101
2016	서대문구	홍제2동	644	346	298	65	34	31	72	42	30	92	61	31	107	50	57	151	68	83	157	91	66
2016	서대문구	홍은1동	1,037	567	470	73	43	30	135	77	58	155	93	62	172	85	87	226	117	109	276	152	124
2016	서대문구	홍은2동	1,307	756	551	112	64	48	189	113	76	219	140	79	183	94	89	280	147	133	324	198	126
2016	서대문구	남가좌1동	511	285	226	37	24	13	59	36	23	77	45	32	83	36	47	122	58	64	133	86	47
2016	서대문구	남가좌2동	1,039	561	478	79	50	29	130	69	61	193	99	94	170	76	94	216	112	104	251	155	96
2016	서대문구	북가좌1동	721	401	320	68	36	32	105	65	40	111	64	47	98	39	59	154	77	77	185	120	65
2016	서대문구	북가좌2동	1,544	887	657	98	57	41	210	124	86	258	143	115	218	116	102	338	181	157	422	266	156
2016	서대문구	충현동	751	454	297	48	29	19	87	46	41	116	82	34	131	68	63	158	94	64	211	135	76
2016	서대문구	북아현동	518	292	226	45	24	21	71	35	36	80	47	33	87	43	44	107	59	48	128	84	44
2016	서대문구	신촌동	507	278	229	42	27	15	57	35	22	87	48	39	87	44	43	99	44	55	135	80	55
2016	서대문구	연희동	1,392	766	626	127	73	54	171	104	67	214	120	94	225	110	115	293	153	140	362	206	156
2016	마포구	소계	13,392	7,629	5,763	1,190	689	501	1,813	1,057	756	2,142	1,291	851	2,033	950	1,083	2,799	1,484	1,315	3,415	2,158	1,257
2016	마포구	용강동	599	353	246	48	30	18	77	39	38	91	54	37	90	47	43	121	65	56	172	118	54
2016	마포구	대흥동	451	261	190	40	23	17	63	42	21	60	38	22	77	32	45	97	53	44	114	73	41
2016	마포구	염리동	442	248	194	38	19	19	53	32	21	78	53	25	66	29	37	83	43	40	124	72	52
2016	마포구	신수동	712	415	297	50	28	22	98	60	38	106	64	42	122	53	69	152	86	66	184	124	60
2016	마포구	서교동	744	460	284	53	32	21	70	45	25	98	69	29	108	57	51	191	107	84	224	150	74
2016	마포구	합정동	594	341	253	41	24	17	69	41	28	92	57	35	95	50	45	136	72	64	161	97	64
2016	마포구	망원1동	852	492	360	67	38	29	96	49	47	121	82	39	132	63	69	197	106	91	239	154	85
2016	마포구	망원2동	812	482	330	57	33	24	120	71	49	127	72	55	110	58	52	183	100	83	215	148	67
2016	마포구	연남동	575	310	265	53	26	27	68	40	28	94	54	40	97	50	47	115	54	61	148	86	62
2016	마포구	성산1동	683	391	292	49	27	22	74	44	30	105	61	44	102	54	48	156	84	72	197	121	76
2016	마포구	성산2동	1,970	1,077	893	241	136	105	330	191	139	365	221	144	278	122	156	364	174	190	392	233	159
2016	마포구	상암동	1,226	689	537	131	86	45	195	109	86	212	125	87	160	70	90	230	121	109	298	178	120
2016	마포구	도화동	781	421	360	81	50	31	119	69	50	136	78	58	106	40	66	162	88	74	177	96	81
2016	마포구	서강동	712	399	313	63	37	26	92	57	35	114	59	55	116	53	63	149	78	71	178	115	63
2016	마포구	공덕동	1,527	867	660	118	72	46	188	102	86	234	135	99	265	115	150	306	168	138	416	275	141
2016	마포구	아현동	712	423	289	60	28	32	101	66	35	109	69	40	109	57	52	157	85	72	176	118	58
2016	양천구	소계	17,200	10,052	7,148	1,274	741	533	2,205	1,293	912	2,843	1,701	1,142	2,545	1,328	1,217	3,796	2,046	1,750	4,537	2,943	1,594
2016	양천구	목1동	685	371	314	58	33	25	83	49	34	116	54	62	88	42	46	157	77	80	183	116	67
2016	양천구	목2동	1,007	598	409	77	45	32	112	65	47	166	98	68	147	74	73	233	139	94	272	177	95
2016	양천구	목3동	836	520	316	53	36	17	89	54	35	169	107	62	149	89	60	173	103	70	203	131	72
2016	양천구	목4동	867	491	376	69	35	34	119	69	50	131	85	46	112	54	58	208	105	103	228	143	85
2016	양천구	신월1동	1,222	747	475	86	46	40	140	85	55	206	124	82	173	101	72	269	156	113	348	235	113
2016	양천구	신월2동	1,013	597	416	62	38	24	127	78	49	171	103	68	164	80	84	223	120	103	266	178	88
2016	양천구	신월3동	901	541	360	46	23	23	107	62	45	165	105	60	122	70	52	198	108	90	263	173	90
2016	양천구	신월4동	875	517	358	52	33	19	113	65	48	132	79	53	143	88	55	198	104	94	237	148	89
2016	양천구	신월5동	745	426	319	48	27	21	91	58	33	121	74	47	113	56	57	163	85	78	209	126	83
2016	양천구	신월6동	326	208	118	18	10	8	38	26	12	46	26	20	56	35	21	89	53	36	79	58	21
2016	양천구	신월7동	1,129	654	475	68	48	20	144	84	60	186	113	73	163	87	76	258	133	125	310	189	121
2016	양천구	신정1동	550	337	213	41	24	17	79	52	27	74	46	28	78	40	38	115	68	47	163	107	56
2016	양천구	신정2동	743	438	305	52	28	24	112	75	37	148	88	60	98	47	51	167	90	77	166	110	56
2016	양천구	신정3동	2,205	1,282	923	226	131	95	306	181	125	357	210	147	322	155	167	442	236	206	552	369	183
2016	양천구	신정6동	471	252	219	40	21	19	58	33	25	82	41	41	70	30	40	105	53	52	116	74	42
2016	양천구	신정7동	1,362	728	634	110	69	41	192	96	96	240	131	109	215	103	112	279	129	150	326	200	126
2016	양천구	목5동	730	393	337	78	39	39	103	49	54	97	61	36	98	42	56	183	89	94	171	113	58
2016	양천구	신정4동	1,533	952	581	90	55	35	192	112	80	236	156	80	234	135	99	336	198	138	445	296	149
2016	강서구	소계	28,240	16,344	11,896	2,598	1,548	1,050	4,455	2,612	1,843	5,343	3,194	2,149	4,074	2,138	1,936	5,298	2,802	2,496	6,472	4,050	2,422
2016	강서구	염창동	1,048	655	393	102	57	45	132	81	51	149	102	47	146	82	64	229	132	97	290	201	89
2016	강서구	등촌1동	730	406	324	62	35	27	84	43	41	113	64	49	115	50	65	153	84	69	203	130	73
2016	강서구	등촌2동	709	421	288	45	28	17	96	44	52	101	71	30	112	69	43	146	76	70	209	133	76
2016	강서구	등촌3동	3,821	2,105	1,716	464	276	188	811	469	342	910	540	370	510	256	254	531	237	294	595	327	268
2016	강서구	화곡본동	1,394	829	565	96	62	34	188	109	79	260	149	111	191	94	97	285	160	125	374	255	119
2016	강서구	화곡2동	774	481	293	47	31	16	103	61	42	124	85	39	110	66	44	163	88	75	227	150	77
2016	강서구	화곡3동	876	500	376	75	47	28	111	72	39	126	77	49	133	71	62	199	98	101	232	135	97
2016	강서구	화곡4동	940	567	373	55	33	22	106	64	42	182	112	70	154	83	71	197	112	85	246	163	83
2016	강서구	화곡6동	950	558	392	111	64	47	116	68	48	158	87	71	143	77	66	193	100	93	229	162	67
2016	강서구	화곡8동	1,018	593	425	52	34	18	125	72	53	170	104	66	159	78	81	213	122	91	299	183	116
2016	강서구	가양1동	774	465	309	85	53	32	122	77	45	91	48	43	98	51	47	153	77	76	225	159	66
2016	강서구	가양2동	2,399	1,388	1,011	301	179	122	550	340	210	662	383	279	278	148	130	323	166	157	285	172	113
2016	강서구	가양3동	1,637	868	769	147	85	62	289	158	131	376	203	173	283	131	152	243	121	122	299	170	129
2016	강서구	발산1동	1,451	821	630	138	75	63	206	110	96	241	151	90	218	115	103	301	155	146	347	215	132
2016	강서구	공항동	1,014	596	418	78	43	35	117	70	47	188	112	76	158	88	70	218	129	89	255	154	101
2016	강서구	방화1동	1,734	1,039	695	145	86	59	253	163	90	245	155	90	244	129	115	397	221	176	450	285	165
2016	강서구	방화2동	1,613	955	658	163	104	59	267	165	102	303	191	112	230	128	102	288	147	141	362	220	142
2016	강서구	방화3동	1,997	1,134	863	184	100	84	388	229	159	433	260	173	289	155	134	328	160	168	375	230	145
2016	강서구	화곡1동	2,072	1,231	841	149	96	53	220	124	96	323	195	128	318	182	136	459	272	187	603	362	241
2016	강서구	우장산동	1,289	732	557	99	60	39	171	93	78	188	105	83	185	85	100	279	145	134	367	244	123
2016	구로구	소계	17,213	10,323	6,890	1,405	832	573	2,142	1,286	856	2,735	1,691	1,044	2,579	1,418	1,161	3,625	1,958	1,667	4,727	3,138	1,589
2016	구로구	신도림동	974	579	395	100	53	47	116	71	45	147	99	48	120	63	57	224	120	104	267	173	94
2016	구로구	구로1동	509	325	184	36	24	12	75	51	24	70	46	24	73	40	33	103	61	42	152	103	49
2016	구로구	구로3동	870	524	346	66	42	24	82	52	30	142	83	59	155	79	76	186	99	87	239	169	70
2016	구로구	구로4동	1,234	724	510	91	60	31	128	84	44	214	116	98	207	111	96	248	138	110	346	215	131
2016	구로구	구로5동	1,107	665	442	96	54	42	132	73	59	168	98	70	171	94	77	219	125	94	321	221	100
2016	구로구	고척1동	1,118	663	455	87	50	37	124	77	47	163	92	71	186	103	83	274	149	125	284	192	92
2016	구로구	고척2동	1,233	729	504	79	43	36	169	97	72	189	112	77	177	101	76	263	133	130	356	243	113
2016	구로구	개봉2동	1,435	878	557	115	65	50	169	109	60	232	153	79	210	125	85	316	170	146	393	256	137
2016	구로구	개봉3동	906	571	335	77	40	37	113	72	41	147	97	50	134	82	52	200	106	94	235	174	61
2016	구로구	오류1동	982	595	387	73	38	35	110	66	44	169	106	63	139	85	54	181	97	84	310	203	107
2016	구로구	오류2동	2,021	1,155	866	226	136	90	259	148	111	323	202	121	270	139	131	437	220	217	506	310	196
2016	구로구	수궁동	1,204	714	490	128	81	47	155	85	70	205	127	78	180	97	83	240	128	112	296	196	100
2016	구로구	가리봉동	619	387	232	28	16	12	90	58	32	103	61	42	110	65	45	106	61	45	182	126	56
2016	구로구	구로2동	1,411	835	576	84	52	32	189	101	88	213	133	80	232	123	109	305	174	131	388	252	136
2016	구로구	개봉1동	1,590	979	611	119	78	41	231	142	89	250	166	84	215	111	104	323	177	146	452	305	147
2016	금천구	소계	10,920	6,664	4,256	714	427	287	1,456	859	597	1,883	1,184	699	1,641	943	698	2,216	1,222	994	3,010	2,029	981
2016	금천구	가산동	761	494	267	39	23	16	82	55	27	147	98	49	111	67	44	168	97	71	214	154	60
2016	금천구	독산1동	1,761	1,097	664	148	93	55	302	185	117	365	236	129	220	129	91	294	156	138	432	298	134
2016	금천구	독산2동	949	584	365	42	22	20	127	72	55	169	107	62	141	91	50	219	122	97	251	170	81
2016	금천구	독산3동	1,187	733	454	71	45	26	152	94	58	187	110	77	188	101	87	224	127	97	365	256	109
2016	금천구	독산4동	758	478	280	34	19	15	108	66	42	122	73	49	105	68	37	151	87	64	238	165	73
2016	금천구	시흥1동	1,604	987	617	106	60	46	202	117	85	254	158	96	233	137	96	365	210	155	444	305	139
2016	금천구	시흥2동	1,109	647	462	95	62	33	161	89	72	168	114	54	202	106	96	201	106	95	282	170	112
2016	금천구	시흥3동	565	324	241	32	15	17	79	43	36	88	53	35	82	44	38	125	66	59	159	103	56
2016	금천구	시흥4동	1,024	621	403	75	48	27	116	71	45	164	107	57	159	91	68	214	115	99	296	189	107
2016	금천구	시흥5동	1,202	699	503	72	40	32	127	67	60	219	128	91	200	109	91	255	136	119	329	219	110
2016	영등포구	소계	14,419	8,624	5,795	976	563	413	1,728	1,093	635	2,290	1,468	822	2,356	1,243	1,113	3,138	1,720	1,418	3,931	2,537	1,394
2016	영등포구	여의동	716	414	302	75	46	29	105	72	33	100	64	36	111	47	64	149	81	68	176	104	72
2016	영등포구	당산1동	808	488	320	58	30	28	84	53	31	109	74	35	136	76	60	189	94	95	232	161	71
2016	영등포구	당산2동	943	538	405	63	34	29	90	56	34	146	90	56	143	73	70	229	107	122	272	178	94
2016	영등포구	양평1동	745	436	309	47	28	19	88	54	34	119	67	52	125	70	55	160	86	74	206	131	75
2016	영등포구	양평2동	621	376	245	51	32	19	73	45	28	89	59	30	94	44	50	132	81	51	182	115	67
2016	영등포구	신길1동	932	534	398	49	27	22	119	69	50	142	91	51	151	81	70	199	94	105	272	172	100
2016	영등포구	신길3동	797	472	325	52	34	18	93	52	41	134	81	53	133	65	68	171	93	78	214	147	67
2016	영등포구	신길4동	550	309	241	30	14	16	65	41	24	95	58	37	95	43	52	132	68	64	133	85	48
2016	영등포구	신길5동	671	399	272	43	28	15	88	59	29	113	74	39	106	52	54	151	85	66	170	101	69
2016	영등포구	신길6동	857	486	371	64	31	33	118	74	44	151	89	62	130	68	62	196	102	94	198	122	76
2016	영등포구	신길7동	345	182	163	24	13	11	41	22	19	51	28	23	54	23	31	84	42	42	91	54	37
2016	영등포구	대림1동	755	454	301	51	29	22	90	54	36	116	83	33	124	62	62	170	109	61	204	117	87
2016	영등포구	대림2동	718	457	261	37	21	16	84	54	30	133	87	46	116	70	46	151	83	68	197	142	55
2016	영등포구	대림3동	1,138	695	443	74	45	29	120	86	34	185	108	77	203	110	93	231	132	99	325	214	111
2016	영등포구	영등포본동	1,033	626	407	71	36	35	128	85	43	151	94	57	168	95	73	220	128	92	295	188	107
2016	영등포구	영등포동	979	688	291	54	35	19	116	87	29	185	140	45	185	115	70	185	122	63	254	189	65
2016	영등포구	도림동	902	530	372	63	41	22	113	63	50	139	92	47	144	75	69	185	101	84	258	158	100
2016	영등포구	문래동	909	540	369	70	39	31	113	67	46	132	89	43	138	74	64	204	112	92	252	159	93
2016	동작구	소계	14,646	8,405	6,241	1,199	744	455	2,014	1,169	845	2,313	1,377	936	2,068	1,017	1,051	3,213	1,693	1,520	3,839	2,405	1,434
2016	동작구	노량진2동	646	363	283	34	18	16	80	48	32	109	67	42	95	45	50	143	73	70	185	112	73
2016	동작구	상도1동	1,551	897	654	140	85	55	213	125	88	235	133	102	201	97	104	346	186	160	416	271	145
2016	동작구	상도2동	931	538	393	78	43	35	134	77	57	142	84	58	129	65	64	206	116	90	242	153	89
2016	동작구	상도3동	1,132	652	480	72	49	23	163	90	73	175	104	71	179	96	83	238	122	116	305	191	114
2016	동작구	상도4동	1,290	761	529	107	71	36	206	122	84	193	114	79	166	100	66	265	144	121	353	210	143
2016	동작구	사당1동	789	466	323	57	37	20	91	56	35	133	85	48	116	64	52	158	80	78	234	144	90
2016	동작구	사당3동	773	454	319	56	35	21	85	53	32	140	87	53	104	56	48	174	89	85	214	134	80
2016	동작구	사당4동	538	314	224	45	31	14	60	38	22	71	42	29	72	40	32	141	72	69	149	91	58
2016	동작구	사당5동	498	278	220	52	35	17	83	37	46	75	39	36	62	26	36	107	64	43	119	77	42
2016	동작구	대방동	1,592	900	692	155	99	56	252	156	96	292	170	122	230	101	129	316	156	160	347	218	129
2016	동작구	신대방1동	801	474	327	59	44	15	111	64	47	120	66	54	115	56	59	185	103	82	211	141	70
2016	동작구	신대방2동	744	442	302	76	42	34	99	63	36	109	72	37	117	50	67	167	102	65	176	113	63
2016	동작구	흑석동	1,227	671	556	88	56	32	188	103	85	187	117	70	171	71	100	274	129	145	319	195	124
2016	동작구	노량진1동	1,228	699	529	108	59	49	144	78	66	189	113	76	180	89	91	293	149	144	314	211	103
2016	동작구	사당2동	906	496	410	72	40	32	105	59	46	143	84	59	131	61	70	200	108	92	255	144	111
2016	관악구	소계	20,142	11,926	8,216	1,437	841	596	2,554	1,529	1,025	3,419	2,116	1,303	2,994	1,555	1,439	4,216	2,318	1,898	5,522	3,567	1,955
2016	관악구	보라매동	1,090	615	475	86	46	40	146	83	63	179	101	78	160	73	87	213	115	98	306	197	109
2016	관악구	청림동	690	402	288	61	39	22	95	63	32	108	81	27	100	42	58	142	62	80	184	115	69
2016	관악구	행운동	1,136	677	459	78	46	32	155	85	70	212	136	76	185	93	92	220	124	96	286	193	93
2016	관악구	낙성대동	521	282	239	34	18	16	53	23	30	96	57	39	65	39	26	130	68	62	143	77	66
2016	관악구	중앙동	618	356	262	43	30	13	67	36	31	88	49	39	91	48	43	158	86	72	171	107	64
2016	관악구	인헌동	906	521	385	49	26	23	104	63	41	157	97	60	138	68	70	210	112	98	248	155	93
2016	관악구	남현동	566	332	234	33	15	18	80	53	27	105	67	38	85	43	42	128	65	63	135	89	46
2016	관악구	서원동	827	493	334	61	28	33	101	65	36	125	86	39	110	60	50	163	86	77	267	168	99
2016	관악구	신원동	835	482	353	56	37	19	102	64	38	137	76	61	146	77	69	181	93	88	213	135	78
2016	관악구	서림동	859	528	331	48	32	16	92	56	36	147	94	53	134	73	61	192	111	81	246	162	84
2016	관악구	신사동	924	576	348	74	43	31	124	76	48	146	94	52	139	78	61	161	90	71	280	195	85
2016	관악구	신림동	566	347	219	42	28	14	85	42	43	81	51	30	93	52	41	96	57	39	169	117	52
2016	관악구	난향동	697	410	287	65	36	29	90	58	32	125	72	53	98	46	52	136	81	55	183	117	66
2016	관악구	조원동	719	479	240	39	28	11	84	50	34	113	79	34	116	74	42	147	94	53	220	154	66
2016	관악구	대학동	678	422	256	43	23	20	85	56	29	107	69	38	96	53	43	145	94	51	202	127	75
2016	관악구	은천동	1,643	971	672	123	73	50	218	131	87	313	188	125	230	120	110	342	181	161	417	278	139
2016	관악구	성현동	1,523	878	645	110	69	41	202	119	83	290	179	111	205	103	102	316	161	155	400	247	153
2016	관악구	청룡동	977	574	403	70	33	37	121	75	46	164	106	58	123	59	64	230	135	95	269	166	103
2016	관악구	난곡동	1,539	912	627	107	57	50	190	110	80	261	154	107	244	122	122	311	187	124	426	282	144
2016	관악구	삼성동	1,473	850	623	101	66	35	196	116	80	264	161	103	240	119	121	302	159	143	370	229	141
2016	관악구	미성동	1,355	819	536	114	68	46	164	105	59	201	119	82	196	113	83	293	157	136	387	257	130
2016	서초구	소계	10,872	6,331	4,541	1,119	689	430	1,490	859	631	1,760	1,040	720	1,407	701	706	2,380	1,288	1,092	2,716	1,754	962
2016	서초구	서초1동	448	257	191	61	44	17	57	31	26	73	38	35	71	29	42	93	56	37	93	59	34
2016	서초구	서초2동	358	200	158	34	16	18	38	21	17	72	40	32	50	29	21	68	30	38	96	64	32
2016	서초구	서초3동	644	376	268	50	27	23	86	52	34	98	55	43	78	41	37	150	82	68	182	119	63
2016	서초구	서초4동	405	230	175	44	27	17	48	19	29	59	33	26	45	24	21	109	60	49	100	67	33
2016	서초구	잠원동	607	363	244	52	36	16	85	45	40	106	68	38	92	47	45	132	73	59	140	94	46
2016	서초구	반포본동	195	117	78	18	12	6	36	21	15	26	17	9	21	11	10	52	24	28	42	32	10
2016	서초구	반포1동	546	303	243	50	24	26	63	37	26	63	45	18	86	46	40	128	55	73	156	96	60
2016	서초구	반포2동	352	209	143	40	26	14	50	25	25	57	39	18	44	22	22	81	46	35	80	51	29
2016	서초구	반포3동	344	194	150	37	24	13	45	27	18	47	29	18	46	21	25	82	40	42	87	53	34
2016	서초구	반포4동	363	214	149	33	23	10	53	33	20	65	33	32	39	20	19	73	42	31	100	63	37
2016	서초구	방배본동	492	281	211	63	38	25	63	38	25	61	32	29	72	34	38	121	64	57	112	75	37
2016	서초구	방배1동	454	264	190	32	19	13	42	28	14	71	38	33	64	33	31	109	60	49	136	86	50
2016	서초구	방배2동	904	512	392	65	39	26	112	52	60	141	86	55	113	61	52	216	106	110	257	168	89
2016	서초구	방배3동	588	345	243	38	22	16	80	48	32	99	53	46	83	39	44	124	79	45	164	104	60
2016	서초구	방배4동	671	399	272	79	48	31	87	49	38	86	46	40	95	52	43	154	93	61	170	111	59
2016	서초구	양재1동	1,953	1,125	828	252	152	100	314	179	135	372	225	147	218	97	121	378	210	168	419	262	157
2016	서초구	양재2동	664	404	260	47	30	17	97	62	35	103	53	50	79	44	35	150	82	68	188	133	55
2016	서초구	내곡동	884	538	346	124	82	42	134	92	42	161	110	51	111	51	60	160	86	74	194	117	77
2016	강남구	소계	15,758	9,036	6,722	1,750	1,049	701	2,592	1,557	1,035	2,859	1,648	1,211	1,976	952	1,024	3,107	1,602	1,505	3,474	2,228	1,246
2016	강남구	신사동	383	220	163	34	16	18	53	34	19	50	32	18	64	31	33	86	47	39	96	60	36
2016	강남구	논현1동	648	386	262	48	28	20	96	63	33	91	56	35	81	47	34	139	73	66	193	119	74
2016	강남구	논현2동	509	292	217	50	33	17	75	48	27	64	32	32	69	30	39	109	60	49	142	89	53
2016	강남구	삼성1동	281	179	102	30	17	13	36	23	13	48	32	16	38	24	14	64	37	27	65	46	19
2016	강남구	삼성2동	567	335	232	41	26	15	82	45	37	90	51	39	81	42	39	128	73	55	145	98	47
2016	강남구	대치1동	266	165	101	26	18	8	45	28	17	43	29	14	32	13	19	64	36	28	56	41	15
2016	강남구	대치4동	368	215	153	26	15	11	53	37	16	60	33	27	48	24	24	75	37	38	106	69	37
2016	강남구	역삼1동	760	464	296	71	42	29	99	59	40	107	65	42	92	53	39	168	86	82	223	159	64
2016	강남구	역삼2동	672	390	282	51	28	23	105	61	44	91	49	42	86	45	41	151	84	67	188	123	65
2016	강남구	도곡1동	431	247	184	48	34	14	57	30	27	66	40	26	54	25	29	112	61	51	94	57	37
2016	강남구	도곡2동	499	307	192	47	28	19	64	38	26	63	42	21	58	30	28	143	79	64	124	90	34
2016	강남구	개포1동	631	367	264	57	36	21	80	50	30	123	78	45	85	46	39	133	67	66	153	90	63
2016	강남구	개포4동	495	291	204	41	20	21	66	40	26	86	48	38	73	34	39	100	54	46	129	95	34
2016	강남구	일원본동	703	343	360	118	74	44	125	65	60	177	45	132	73	29	44	104	55	49	106	75	31
2016	강남구	일원1동	1,045	582	463	139	82	57	217	143	74	211	115	96	136	57	79	163	78	85	179	107	72
2016	강남구	일원2동	1,130	571	559	148	81	67	233	133	100	233	135	98	154	67	87	193	73	120	169	82	87
2016	강남구	수서동	2,100	1,158	942	314	198	116	454	273	181	538	307	231	228	103	125	280	115	165	286	162	124
2016	강남구	세곡동	2,021	1,180	841	250	136	114	339	195	144	375	238	137	255	131	124	367	195	172	435	285	150
2016	강남구	압구정동	471	271	200	42	31	11	73	40	33	62	44	18	71	26	45	115	64	51	108	66	42
2016	강남구	청담동	584	342	242	42	26	16	79	49	30	84	46	38	72	32	40	147	83	64	160	106	54
2016	강남구	대치2동	707	445	262	80	54	26	93	62	31	113	79	34	73	36	37	173	91	82	175	123	52
2016	강남구	개포2동	486	285	201	46	25	21	68	41	27	84	52	32	53	27	26	93	54	39	142	86	56
2016	강남구	기타	1	1	-	1	1	-	-	-	-	-	-	-	-	-	-	-	-	-	-	-	-
2016	송파구	소계	19,499	11,508	7,991	1,845	1,154	691	2,622	1,563	1,059	3,136	1,951	1,185	2,603	1,278	1,325	4,247	2,307	1,940	5,046	3,255	1,791
2016	송파구	풍납1동	712	413	299	46	29	17	93	52	41	110	66	44	90	47	43	168	87	81	205	132	73
2016	송파구	풍납2동	827	505	322	91	55	36	108	72	36	151	99	52	99	55	44	183	108	75	195	116	79
2016	송파구	거여1동	619	388	231	44	32	12	81	49	32	111	74	37	78	45	33	126	66	60	179	122	57
2016	송파구	거여2동	1,000	596	404	184	113	71	156	102	54	151	95	56	108	46	62	196	100	96	205	140	65
2016	송파구	마천1동	1,258	739	519	99	71	28	148	79	69	213	130	83	180	91	89	283	159	124	335	209	126
2016	송파구	마천2동	1,145	680	465	72	45	27	147	84	63	185	115	70	182	99	83	255	141	114	304	196	108
2016	송파구	방이1동	417	245	172	35	16	19	58	28	30	65	39	26	58	34	24	89	46	43	112	82	30
2016	송파구	방이2동	835	491	344	68	44	24	116	63	53	144	96	48	102	49	53	169	85	84	236	154	82
2016	송파구	오륜동	311	175	136	36	26	10	58	37	21	42	23	19	43	17	26	63	28	35	69	44	25
2016	송파구	오금동	1,187	672	515	111	67	44	135	77	58	220	133	87	147	67	80	271	138	133	303	190	113
2016	송파구	송파1동	665	407	258	46	27	19	83	55	28	99	60	39	98	51	47	158	95	63	181	119	62
2016	송파구	송파2동	523	321	202	48	34	14	62	43	19	85	55	30	70	35	35	108	58	50	150	96	54
2016	송파구	석촌동	1,094	637	457	90	55	35	154	80	74	158	102	56	151	71	80	255	148	107	286	181	105
2016	송파구	삼전동	987	583	404	61	35	26	110	68	42	165	97	68	145	78	67	233	130	103	273	175	98
2016	송파구	가락본동	761	469	292	67	44	23	107	65	42	113	70	43	99	51	48	171	100	71	204	139	65
2016	송파구	가락1동	22	14	8	1	-	1	1	1	-	3	2	1	8	4	4	3	2	1	6	5	1
2016	송파구	가락2동	898	523	375	84	54	30	114	68	46	149	96	53	98	44	54	202	105	97	251	156	95
2016	송파구	문정1동	578	333	245	53	32	21	76	48	28	105	67	38	97	47	50	118	60	58	129	79	50
2016	송파구	문정2동	464	274	190	44	25	19	68	40	28	69	44	25	60	28	32	121	70	51	102	67	35
2016	송파구	장지동	1,477	886	591	213	146	67	234	150	84	240	150	90	186	81	105	243	124	119	361	235	126
2016	송파구	위례동	454	259	195	59	34	25	81	51	30	64	34	30	55	27	28	83	45	38	112	68	44
2016	송파구	잠실본동	838	484	354	60	28	32	101	53	48	136	84	52	119	58	61	200	110	90	222	151	71
2016	송파구	잠실4동	618	366	252	62	39	23	86	48	38	112	71	41	78	37	41	127	70	57	153	101	52
2016	송파구	잠실6동	342	204	138	37	25	12	44	32	12	46	30	16	56	25	31	83	41	42	76	51	25
2016	송파구	잠실7동	204	128	76	17	13	4	39	26	13	20	14	6	29	16	13	47	22	25	52	37	15
2016	송파구	잠실2동	550	306	244	57	35	22	76	38	38	75	43	32	71	34	37	117	66	51	154	90	64
2016	송파구	잠실3동	713	410	303	60	30	30	86	54	32	105	62	43	96	41	55	175	103	72	191	120	71
2016	강동구	소계	17,419	10,419	7,000	1,723	1,107	616	2,225	1,325	900	2,822	1,716	1,106	2,383	1,255	1,128	3,778	2,069	1,709	4,488	2,947	1,541
2016	강동구	강일동	1,558	897	661	199	124	75	206	116	90	248	157	91	209	100	109	332	169	163	364	231	133
2016	강동구	상일동	514	296	218	102	58	44	61	33	28	82	53	29	66	30	36	90	47	43	113	75	38
2016	강동구	명일1동	719	421	298	63	38	25	112	75	37	116	67	49	88	34	54	155	84	71	185	123	62
2016	강동구	명일2동	478	268	210	52	25	27	63	33	30	76	41	35	72	46	26	103	56	47	112	67	45
2016	강동구	고덕1동	547	334	213	72	47	25	67	43	24	79	55	24	84	48	36	115	54	61	130	87	43
2016	강동구	고덕2동	605	376	229	150	115	35	64	37	27	108	69	39	76	40	36	108	47	61	99	68	31
2016	강동구	암사2동	504	298	206	50	28	22	66	36	30	82	48	34	71	45	26	115	67	48	120	74	46
2016	강동구	암사3동	565	334	231	70	44	26	79	38	41	69	39	30	71	45	26	122	67	55	154	101	53
2016	강동구	천호1동	1,352	834	518	103	74	29	162	101	61	256	158	98	181	100	81	296	169	127	354	232	122
2016	강동구	천호3동	1,288	742	546	93	55	38	168	99	69	223	131	92	171	96	75	287	142	145	346	219	127
2016	강동구	성내1동	631	379	252	52	28	24	77	50	27	98	67	31	84	39	45	136	76	60	184	119	65
2016	강동구	성내2동	1,111	689	422	80	47	33	140	92	48	168	106	62	169	89	80	270	159	111	284	196	88
2016	강동구	성내3동	864	529	335	66	45	21	107	64	43	126	71	55	134	74	60	192	111	81	239	164	75
2016	강동구	둔촌1동	411	251	160	38	26	12	49	30	19	59	31	28	57	35	22	90	50	40	118	79	39
2016	강동구	둔촌2동	963	558	405	88	65	23	128	79	49	142	88	54	134	60	74	222	116	106	249	150	99
2016	강동구	암사1동	1,571	926	645	127	76	51	199	119	80	284	166	118	228	111	117	328	190	138	405	264	141
2016	강동구	천호2동	1,757	1,062	695	119	82	37	218	121	97	309	191	118	235	127	108	392	211	181	484	330	154
2016	강동구	길동	1,981	1,225	756	199	130	69	259	159	100	297	178	119	253	136	117	425	254	171	548	368	180