기간	자치구	동	일반가구	여성가구주 가구	여성가구주가구비율
2010	합계	합계	3,504,297	984,950	28.1
2010	종로구	소계	57,807	18,111	31.3
2010	종로구	사직동	3,442	1,175	34.1
2010	종로구	삼청동	1,048	354	33.8
2010	종로구	부암동	3,424	966	28.2
2010	종로구	평창동	5,758	1,465	25.4
2010	종로구	무악동	2,715	630	23.2
2010	종로구	교남동	3,156	1,177	37.3
2010	종로구	가회동	1,855	611	32.9
2010	종로구	종로1.2.3.4가동	3,086	997	32.3
2010	종로구	종로5·6가동	1,928	570	29.6
2010	종로구	이화동	3,518	1,321	37.5
2010	종로구	혜화동	4,882	1,835	37.6
2010	종로구	명륜3가동	3,045	954	31.3
2010	종로구	창신1동	2,449	792	32.3
2010	종로구	창신2동	3,818	1,126	29.5
2010	종로구	창신3동	2,674	630	23.6
2010	종로구	숭인1동	2,734	848	31
2010	종로구	숭인2동	3,610	1,276	35.3
2010	종로구	청운효자동	4,665	1,384	29.7
2010	중구	소계	45,656	14,141	31
2010	중구	소공동	274	94	34.3
2010	중구	회현동	2,096	553	26.4
2010	중구	명동	969	462	47.7
2010	중구	필동	1,356	412	30.4
2010	중구	장충동	2,426	879	36.2
2010	중구	광희동	1,854	562	30.3
2010	중구	을지로동	767	254	33.1
2010	중구	신당1동	2,872	946	32.9
2010	중구	신당2동	5,725	1,806	31.5
2010	중구	신당3동	7,014	2,134	30.4
2010	중구	신당4동	5,559	1,729	31.1
2010	중구	신당5동	2,750	899	32.7
2010	중구	신당6동	2,891	623	21.5
2010	중구	황학동	4,661	1,465	31.4
2010	중구	중림동	4,442	1,323	29.8
2010	용산구	소계	86,470	27,976	32.4
2010	용산구	후암동	6,606	2,117	32
2010	용산구	용산2가동	4,722	1,521	32.2
2010	용산구	남영동	3,738	1,137	30.4
2010	용산구	원효로2동	5,271	1,361	25.8
2010	용산구	효창동	3,788	1,136	30
2010	용산구	용문동	4,379	1,138	26
2010	용산구	이촌1동	8,475	1,862	22
2010	용산구	이촌2동	3,360	960	28.6
2010	용산구	이태원1동	3,174	1,171	36.9
2010	용산구	이태원2동	3,998	1,393	34.8
2010	용산구	서빙고동	3,778	1,057	28
2010	용산구	보광동	6,939	2,663	38.4
2010	용산구	청파동	8,813	3,416	38.8
2010	용산구	원효로1동	4,045	1,251	30.9
2010	용산구	한강로동	6,681	2,417	36.2
2010	용산구	한남동	8,703	3,376	38.8
2010	성동구	소계	107,114	29,414	27.5
2010	성동구	왕십리2동	6,346	1,802	28.4
2010	성동구	마장동	8,403	2,017	24
2010	성동구	사근동	5,493	1,812	33
2010	성동구	행당1동	6,434	2,000	31.1
2010	성동구	행당2동	8,178	1,877	23
2010	성동구	응봉동	5,552	1,334	24
2010	성동구	금호1가동	5,328	1,507	28.3
2010	성동구	금호4가동	5,172	1,493	28.9
2010	성동구	성수1가1동	6,322	1,492	23.6
2010	성동구	성수1가2동	6,921	1,841	26.6
2010	성동구	성수2가1동	7,314	1,918	26.2
2010	성동구	성수2가3동	4,096	1,001	24.4
2010	성동구	송정동	4,941	1,356	27.4
2010	성동구	용답동	6,228	1,926	30.9
2010	성동구	왕십리도선동	4,578	1,424	31.1
2010	성동구	금호2.3가동	7,469	2,213	29.6
2010	성동구	옥수동	8,339	2,401	28.8
2010	광진구	소계	133,468	40,458	30.3
2010	광진구	화양동	11,981	5,317	44.4
2010	광진구	군자동	8,932	3,037	34
2010	광진구	중곡1동	6,236	2,000	32.1
2010	광진구	중곡2동	7,716	2,376	30.8
2010	광진구	중곡3동	6,857	2,117	30.9
2010	광진구	중곡4동	10,333	2,907	28.1
2010	광진구	능동	4,686	1,784	38.1
2010	광진구	구의1동	9,227	3,484	37.8
2010	광진구	구의2동	8,708	2,457	28.2
2010	광진구	구의3동	9,926	2,469	24.9
2010	광진구	광장동	10,033	1,646	16.4
2010	광진구	자양1동	9,103	3,051	33.5
2010	광진구	자양2동	9,533	2,414	25.3
2010	광진구	자양3동	9,879	1,997	20.2
2010	광진구	자양4동	10,318	3,402	33
2010	동대문구	소계	128,042	37,052	28.9
2010	동대문구	회기동	5,040	1,916	38
2010	동대문구	휘경1동	7,088	2,408	34
2010	동대문구	휘경2동	8,905	2,321	26.1
2010	동대문구	청량리동	8,439	2,614	31
2010	동대문구	용신동	11,494	3,687	32.1
2010	동대문구	제기동	10,546	3,120	29.6
2010	동대문구	전농1동	9,377	2,891	30.8
2010	동대문구	전농2동	5,925	1,400	23.6
2010	동대문구	답십리1동	7,026	2,099	29.9
2010	동대문구	답십리2동	10,299	2,487	24.1
2010	동대문구	장안1동	11,874	2,917	24.6
2010	동대문구	장안2동	10,124	2,397	23.7
2010	동대문구	이문1동	14,094	4,913	34.9
2010	동대문구	이문2동	7,811	1,882	24.1
2010	중랑구	소계	144,951	39,924	27.5
2010	중랑구	면목2동	10,089	2,907	28.8
2010	중랑구	면목4동	8,169	2,606	31.9
2010	중랑구	면목5동	5,033	1,322	26.3
2010	중랑구	면목7동	8,921	2,398	26.9
2010	중랑구	상봉1동	8,036	1,972	24.5
2010	중랑구	상봉2동	7,143	2,359	33
2010	중랑구	중화1동	7,117	1,705	24
2010	중랑구	중화2동	12,131	3,901	32.2
2010	중랑구	묵1동	10,876	2,613	24
2010	중랑구	묵2동	7,100	1,992	28.1
2010	중랑구	망우3동	6,775	1,898	28
2010	중랑구	신내1동	9,430	1,674	17.8
2010	중랑구	신내2동	8,623	2,127	24.7
2010	중랑구	면목본동	13,356	4,130	30.9
2010	중랑구	면목3.8동	10,724	3,190	29.7
2010	중랑구	망우본동	11,428	3,130	27.4
2010	성북구	소계	162,896	45,179	27.7
2010	성북구	돈암1동	5,396	1,440	26.7
2010	성북구	돈암2동	7,281	1,404	19.3
2010	성북구	안암동	8,267	3,089	37.4
2010	성북구	보문동	5,751	1,854	32.2
2010	성북구	정릉1동	6,563	1,547	23.6
2010	성북구	정릉2동	7,735	1,865	24.1
2010	성북구	정릉3동	6,559	1,859	28.3
2010	성북구	정릉4동	8,836	2,125	24
2010	성북구	길음1동	10,679	2,027	19
2010	성북구	길음2동	6,694	2,062	30.8
2010	성북구	월곡1동	9,279	2,152	23.2
2010	성북구	월곡2동	7,661	2,338	30.5
2010	성북구	장위1동	8,464	2,261	26.7
2010	성북구	장위2동	7,573	2,027	26.8
2010	성북구	장위3동	6,391	1,655	25.9
2010	성북구	성북동	6,326	2,035	32.2
2010	성북구	삼선동	9,564	3,196	33.4
2010	성북구	동선동	6,556	3,050	46.5
2010	성북구	종암동	14,284	3,726	26.1
2010	성북구	석관동	13,037	3,467	26.6
2010	강북구	소계	117,072	35,111	30
2010	강북구	번1동	8,316	2,929	35.2
2010	강북구	번2동	7,021	2,190	31.2
2010	강북구	번3동	7,292	2,417	33.1
2010	강북구	수유1동	7,857	2,239	28.5
2010	강북구	수유2동	7,827	2,301	29.4
2010	강북구	수유3동	9,088	3,163	34.8
2010	강북구	삼양동	10,701	3,003	28.1
2010	강북구	미아동	8,384	2,640	31.5
2010	강북구	송중동	11,935	3,610	30.2
2010	강북구	송천동	11,350	3,501	30.8
2010	강북구	삼각산동	9,408	1,978	21
2010	강북구	우이동	6,862	1,876	27.3
2010	강북구	인수동	11,031	3,264	29.6
2010	도봉구	소계	118,947	30,484	25.6
2010	도봉구	쌍문1동	7,285	2,147	29.5
2010	도봉구	쌍문2동	7,107	2,149	30.2
2010	도봉구	쌍문3동	6,468	1,915	29.6
2010	도봉구	쌍문4동	6,713	1,625	24.2
2010	도봉구	방학1동	10,617	2,701	25.4
2010	도봉구	방학2동	7,877	2,211	28.1
2010	도봉구	방학3동	9,618	1,941	20.2
2010	도봉구	창1동	9,794	2,639	26.9
2010	도봉구	창2동	10,355	2,742	26.5
2010	도봉구	창3동	5,633	1,523	27
2010	도봉구	창4동	10,012	2,182	21.8
2010	도봉구	창5동	8,970	2,000	22.3
2010	도봉구	도봉1동	8,304	2,302	27.7
2010	도봉구	도봉2동	10,194	2,407	23.6
2010	노원구	소계	197,168	52,284	26.5
2010	노원구	월계1동	8,214	1,955	23.8
2010	노원구	월계2동	11,204	3,476	31
2010	노원구	월계3동	12,506	3,277	26.2
2010	노원구	공릉2동	14,230	3,123	21.9
2010	노원구	하계1동	10,214	3,379	33.1
2010	노원구	하계2동	7,972	1,885	23.6
2010	노원구	중계본동	8,267	1,651	20
2010	노원구	중계1동	8,637	1,694	19.6
2010	노원구	중계4동	7,407	2,074	28
2010	노원구	상계1동	14,000	3,256	23.3
2010	노원구	상계2동	7,028	1,633	23.2
2010	노원구	상계5동	8,245	2,329	28.2
2010	노원구	상계8동	8,958	2,022	22.6
2010	노원구	상계9동	8,218	1,942	23.6
2010	노원구	상계10동	7,193	2,105	29.3
2010	노원구	공릉1.3동	13,898	4,050	29.1
2010	노원구	상계3.4동	13,494	3,838	28.4
2010	노원구	상계6.7동	12,883	3,917	30.4
2010	노원구	중계2.3동	14,600	4,678	32
2010	은평구	소계	154,923	43,075	27.8
2010	은평구	녹번동	12,619	4,024	31.9
2010	은평구	불광1동	12,416	3,445	27.7
2010	은평구	갈현1동	8,381	2,382	28.4
2010	은평구	갈현2동	8,608	2,356	27.4
2010	은평구	구산동	9,641	2,382	24.7
2010	은평구	대조동	10,705	3,508	32.8
2010	은평구	응암1동	10,764	3,314	30.8
2010	은평구	응암2동	6,731	2,095	31.1
2010	은평구	신사1동	8,681	2,183	25.1
2010	은평구	신사2동	7,372	1,859	25.2
2010	은평구	증산동	6,889	1,646	23.9
2010	은평구	수색동	6,880	1,765	25.7
2010	은평구	진관동	10,814	1,900	17.6
2010	은평구	불광2동	10,461	3,193	30.5
2010	은평구	응암3동	9,295	2,839	30.5
2010	은평구	역촌동	14,666	4,184	28.5
2010	서대문구	소계	112,701	34,868	30.9
2010	서대문구	천연동	6,915	2,002	29
2010	서대문구	홍제1동	9,469	2,786	29.4
2010	서대문구	홍제3동	7,031	2,114	30.1
2010	서대문구	홍제2동	5,300	1,388	26.2
2010	서대문구	홍은1동	8,606	2,213	25.7
2010	서대문구	홍은2동	9,767	2,714	27.8
2010	서대문구	남가좌1동	1,133	294	25.9
2010	서대문구	남가좌2동	10,815	3,054	28.2
2010	서대문구	북가좌1동	3,230	735	22.8
2010	서대문구	북가좌2동	11,352	2,994	26.4
2010	서대문구	충현동	8,695	2,978	34.2
2010	서대문구	북아현동	5,558	1,883	33.9
2010	서대문구	신촌동	8,889	4,491	50.5
2010	서대문구	연희동	15,941	5,222	32.8
2010	마포구	소계	141,402	45,357	32.1
2010	마포구	용강동	7,692	2,267	29.5
2010	마포구	대흥동	7,795	3,491	44.8
2010	마포구	염리동	6,991	2,411	34.5
2010	마포구	신수동	7,951	2,085	26.2
2010	마포구	서교동	14,331	6,352	44.3
2010	마포구	합정동	7,398	2,530	34.2
2010	마포구	망원1동	8,593	2,740	31.9
2010	마포구	망원2동	7,040	1,812	25.7
2010	마포구	연남동	7,307	2,559	35
2010	마포구	성산1동	7,181	2,331	32.5
2010	마포구	성산2동	13,521	3,576	26.4
2010	마포구	상암동	8,363	1,810	21.6
2010	마포구	도화동	7,960	2,104	26.4
2010	마포구	서강동	10,452	3,461	33.1
2010	마포구	공덕동	12,605	3,938	31.2
2010	마포구	아현동	6,222	1,890	30.4
2010	양천구	소계	154,239	36,561	23.7
2010	양천구	목1동	9,463	1,557	16.5
2010	양천구	목2동	9,934	2,547	25.6
2010	양천구	목3동	7,466	2,182	29.2
2010	양천구	목4동	8,445	2,008	23.8
2010	양천구	신월1동	8,574	2,351	27.4
2010	양천구	신월2동	6,418	1,574	24.5
2010	양천구	신월3동	6,649	1,942	29.2
2010	양천구	신월4동	5,636	1,132	20.1
2010	양천구	신월5동	5,063	1,343	26.5
2010	양천구	신월6동	4,372	1,067	24.4
2010	양천구	신월7동	8,388	2,092	24.9
2010	양천구	신정1동	7,262	1,536	21.2
2010	양천구	신정2동	6,553	1,235	18.8
2010	양천구	신정3동	15,926	4,065	25.5
2010	양천구	신정6동	7,711	1,153	15
2010	양천구	신정7동	10,718	2,703	25.2
2010	양천구	목5동	12,954	2,035	15.7
2010	양천구	신정4동	12,707	4,039	31.8
2010	강서구	소계	193,629	53,780	27.8
2010	강서구	염창동	12,307	1,978	16.1
2010	강서구	등촌1동	7,853	2,157	27.5
2010	강서구	등촌2동	7,001	1,521	21.7
2010	강서구	등촌3동	13,703	4,867	35.5
2010	강서구	화곡본동	12,658	3,766	29.8
2010	강서구	화곡2동	6,903	1,908	27.6
2010	강서구	화곡3동	7,627	1,827	24
2010	강서구	화곡4동	7,734	2,314	29.9
2010	강서구	화곡6동	8,313	2,218	26.7
2010	강서구	화곡8동	9,364	2,708	28.9
2010	강서구	가양1동	6,372	1,245	19.5
2010	강서구	가양2동	7,695	2,986	38.8
2010	강서구	가양3동	7,351	2,733	37.2
2010	강서구	발산1동	9,885	2,298	23.2
2010	강서구	공항동	7,960	2,296	28.8
2010	강서구	방화1동	10,069	2,174	21.6
2010	강서구	방화2동	9,290	2,956	31.8
2010	강서구	방화3동	10,646	3,541	33.3
2010	강서구	화곡1동	18,686	5,637	30.2
2010	강서구	우장산동	12,212	2,650	21.7
2010	구로구	소계	142,678	34,093	23.9
2010	구로구	신도림동	11,472	1,924	16.8
2010	구로구	구로1동	7,462	1,388	18.6
2010	구로구	구로3동	12,665	3,807	30.1
2010	구로구	구로4동	9,274	2,628	28.3
2010	구로구	구로5동	10,932	2,571	23.5
2010	구로구	고척1동	8,207	1,764	21.5
2010	구로구	고척2동	9,988	2,164	21.7
2010	구로구	개봉2동	10,823	2,145	19.8
2010	구로구	개봉3동	7,138	1,631	22.8
2010	구로구	오류1동	7,340	1,923	26.2
2010	구로구	오류2동	9,332	2,098	22.5
2010	구로구	수궁동	7,793	1,808	23.2
2010	구로구	가리봉동	5,722	1,611	28.2
2010	구로구	구로2동	12,516	3,799	30.4
2010	구로구	개봉1동	12,014	2,832	23.6
2010	금천구	소계	86,533	23,032	26.6
2010	금천구	가산동	8,689	2,299	26.5
2010	금천구	독산1동	12,299	3,247	26.4
2010	금천구	독산2동	8,418	2,329	27.7
2010	금천구	독산3동	10,531	3,100	29.4
2010	금천구	독산4동	6,868	1,824	26.6
2010	금천구	시흥1동	10,986	3,096	28.2
2010	금천구	시흥2동	7,950	1,708	21.5
2010	금천구	시흥3동	4,177	985	23.6
2010	금천구	시흥4동	8,211	2,119	25.8
2010	금천구	시흥5동	8,404	2,325	27.7
2010	영등포구	소계	138,637	35,881	25.9
2010	영등포구	여의동	10,789	2,348	21.8
2010	영등포구	당산1동	7,411	2,197	29.6
2010	영등포구	당산2동	11,629	2,898	24.9
2010	영등포구	양평1동	6,101	1,576	25.8
2010	영등포구	양평2동	6,857	1,383	20.2
2010	영등포구	신길1동	8,881	2,885	32.5
2010	영등포구	신길3동	6,794	1,841	27.1
2010	영등포구	신길4동	4,557	1,368	30
2010	영등포구	신길5동	6,056	1,800	29.7
2010	영등포구	신길6동	8,542	2,371	27.8
2010	영등포구	신길7동	6,038	1,394	23.1
2010	영등포구	대림1동	5,750	1,670	29
2010	영등포구	대림2동	6,505	1,805	27.7
2010	영등포구	대림3동	9,437	2,208	23.4
2010	영등포구	영등포본동	9,028	2,303	25.5
2010	영등포구	영등포동	6,582	1,730	26.3
2010	영등포구	도림동	7,106	2,151	30.3
2010	영등포구	문래동	10,574	1,953	18.5
2010	동작구	소계	145,744	41,403	28.4
2010	동작구	노량진2동	7,528	2,503	33.2
2010	동작구	상도1동	15,818	4,743	30
2010	동작구	상도2동	9,269	2,538	27.4
2010	동작구	상도3동	8,400	2,423	28.8
2010	동작구	상도4동	9,919	2,742	27.6
2010	동작구	사당1동	9,456	3,487	36.9
2010	동작구	사당3동	8,451	2,105	24.9
2010	동작구	사당4동	5,324	1,569	29.5
2010	동작구	사당5동	5,423	1,442	26.6
2010	동작구	대방동	13,417	3,563	26.6
2010	동작구	신대방1동	9,089	2,203	24.2
2010	동작구	신대방2동	7,073	1,775	25.1
2010	동작구	흑석동	12,214	3,627	29.7
2010	동작구	노량진1동	13,855	3,873	28
2010	동작구	사당2동	10,508	2,810	26.7
2010	관악구	소계	217,359	67,926	31.3
2010	관악구	보라매동	9,701	2,892	29.8
2010	관악구	청림동	5,780	1,408	24.4
2010	관악구	행운동	13,596	4,894	36
2010	관악구	낙성대동	8,452	2,858	33.8
2010	관악구	중앙동	6,135	2,294	37.4
2010	관악구	인헌동	11,882	3,893	32.8
2010	관악구	남현동	6,774	2,127	31.4
2010	관악구	서원동	11,222	4,017	35.8
2010	관악구	신원동	8,163	2,861	35
2010	관악구	서림동	12,955	3,769	29.1
2010	관악구	신사동	10,798	3,700	34.3
2010	관악구	신림동	10,403	4,735	45.5
2010	관악구	난향동	5,895	1,317	22.3
2010	관악구	조원동	6,984	2,177	31.2
2010	관악구	대학동	15,859	3,957	25
2010	관악구	은천동	12,822	3,540	27.6
2010	관악구	성현동	11,466	2,791	24.3
2010	관악구	청룡동	15,709	5,785	36.8
2010	관악구	난곡동	10,903	2,996	27.5
2010	관악구	삼성동	10,133	2,698	26.6
2010	관악구	미성동	11,727	3,217	27.4
2010	서초구	소계	136,840	36,099	26.4
2010	서초구	서초1동	7,457	2,278	30.5
2010	서초구	서초2동	8,117	2,171	26.7
2010	서초구	서초3동	9,749	2,510	25.7
2010	서초구	서초4동	9,359	1,781	19
2010	서초구	잠원동	12,548	3,726	29.7
2010	서초구	반포본동	3,614	612	16.9
2010	서초구	반포1동	11,402	4,018	35.2
2010	서초구	반포2동	6,071	1,016	16.7
2010	서초구	반포3동	7,291	1,537	21.1
2010	서초구	반포4동	6,288	1,470	23.4
2010	서초구	방배본동	6,339	1,490	23.5
2010	서초구	방배1동	5,428	1,550	28.6
2010	서초구	방배2동	8,476	2,329	27.5
2010	서초구	방배3동	7,814	1,763	22.6
2010	서초구	방배4동	8,033	2,162	26.9
2010	서초구	양재1동	9,071	2,886	31.8
2010	서초구	양재2동	8,211	2,458	29.9
2010	서초구	내곡동	1,572	342	21.8
2010	강남구	소계	200,965	65,462	32.6
2010	강남구	신사동	7,457	2,506	33.6
2010	강남구	논현1동	13,261	6,233	47
2010	강남구	논현2동	10,192	4,122	40.4
2010	강남구	삼성1동	5,177	1,413	27.3
2010	강남구	삼성2동	11,903	4,121	34.6
2010	강남구	대치1동	6,785	907	13.4
2010	강남구	대치4동	9,694	4,455	46
2010	강남구	역삼1동	18,924	9,105	48.1
2010	강남구	역삼2동	12,733	4,481	35.2
2010	강남구	도곡1동	6,966	1,678	24.1
2010	강남구	도곡2동	9,973	1,850	18.6
2010	강남구	개포1동	7,687	2,236	29.1
2010	강남구	개포4동	8,169	2,487	30.4
2010	강남구	일원본동	6,680	1,252	18.7
2010	강남구	일원1동	6,589	2,248	34.1
2010	강남구	일원2동	6,584	2,046	31.1
2010	강남구	수서동	7,021	3,152	44.9
2010	강남구	세곡동	1,399	314	22.4
2010	강남구	압구정동	9,111	2,317	25.4
2010	강남구	청담동	10,126	3,012	29.7
2010	강남구	대치2동	12,521	2,255	18
2010	강남구	개포2동	12,013	3,272	27.2
2010	송파구	소계	219,426	56,049	25.5
2010	송파구	풍납1동	6,988	2,142	30.7
2010	송파구	풍납2동	9,403	2,436	25.9
2010	송파구	거여1동	4,910	1,075	21.9
2010	송파구	거여2동	9,667	2,337	24.2
2010	송파구	마천1동	6,463	1,765	27.3
2010	송파구	마천2동	7,653	1,911	25
2010	송파구	방이1동	4,953	1,043	21.1
2010	송파구	방이2동	9,466	3,315	35
2010	송파구	오륜동	5,477	638	11.6
2010	송파구	오금동	11,630	2,509	21.6
2010	송파구	송파1동	9,458	3,136	33.2
2010	송파구	송파2동	5,815	1,085	18.7
2010	송파구	석촌동	13,354	4,642	34.8
2010	송파구	삼전동	13,702	5,109	37.3
2010	송파구	가락본동	9,019	2,135	23.7
2010	송파구	가락1동	5,567	1,750	31.4
2010	송파구	가락2동	10,469	1,998	19.1
2010	송파구	문정1동	6,899	1,509	21.9
2010	송파구	문정2동	4,642	638	13.7
2010	송파구	장지동	11,689	2,968	25.4
2010	송파구	잠실본동	12,068	4,625	38.3
2010	송파구	잠실4동	9,598	1,780	18.5
2010	송파구	잠실6동	5,043	846	16.8
2010	송파구	잠실7동	3,135	451	14.4
2010	송파구	잠실2동	11,104	2,205	19.9
2010	송파구	잠실3동	11,254	2,001	17.8
2010	강동구	소계	159,630	41,230	25.8
2010	강동구	강일동	6,387	1,361	21.3
2010	강동구	상일동	8,592	1,762	20.5
2010	강동구	명일1동	8,553	1,864	21.8
2010	강동구	명일2동	5,248	807	15.4
2010	강동구	고덕1동	7,341	1,700	23.2
2010	강동구	고덕2동	6,260	1,579	25.2
2010	강동구	암사2동	5,219	1,059	20.3
2010	강동구	암사3동	5,538	883	15.9
2010	강동구	천호1동	10,844	3,100	28.6
2010	강동구	천호3동	10,614	3,583	33.8
2010	강동구	성내1동	6,550	1,473	22.5
2010	강동구	성내2동	10,417	3,485	33.5
2010	강동구	성내3동	8,419	2,477	29.4
2010	강동구	둔촌1동	5,870	1,052	17.9
2010	강동구	둔촌2동	9,091	2,190	24.1
2010	강동구	암사1동	13,709	3,906	28.5
2010	강동구	천호2동	14,152	4,529	32
2010	강동구	길동	16,826	4,420	26.3