기간	자치구	동	합계	합계	합계	국민기초생활보장수급권자	국민기초생활보장수급권자	국민기초생활보장수급권자	저소득노인	저소득노인	저소득노인	일반	일반	일반
기간	자치구	동	계	남	여	계	남	여	계	남	여	계	남	여
2016	합계	합계	288,599	…	…	51,528	…	…	16,104	…	…	220,967	…	…
2016	종로구	소계	7,074	2,811	4,263	1,189	584	605	277	97	180	5,608	2,130	3,478
2016	종로구	사직동	383	132	251	38	12	26	12	7	5	333	113	220
2016	종로구	삼청동	156	49	107	17	5	12	4	-	4	135	44	91
2016	종로구	부암동	319	114	205	46	18	28	15	5	10	258	91	167
2016	종로구	평창동	615	164	451	45	6	39	15	1	14	555	157	398
2016	종로구	무악동	205	60	145	42	10	32	21	4	17	142	46	96
2016	종로구	교남동	253	73	180	45	19	26	13	2	11	195	52	143
2016	종로구	가회동	196	49	147	18	7	11	6	1	5	172	41	131
2016	종로구	종로1.2.3.4가동	1,089	712	377	235	164	71	31	17	14	823	531	292
2016	종로구	종로5·6가동	415	187	228	83	51	32	24	11	13	308	125	183
2016	종로구	이화동	305	76	229	52	14	38	26	9	17	227	53	174
2016	종로구	창신1동	414	205	209	146	101	45	9	7	2	259	97	162
2016	종로구	창신2동	428	167	261	103	39	64	15	5	10	310	123	187
2016	종로구	창신3동	215	62	153	34	14	20	10	1	9	171	47	124
2016	종로구	숭인1동	373	121	252	58	22	36	11	3	8	304	96	208
2016	종로구	숭인2동	667	363	304	120	77	43	21	9	12	526	277	249
2016	종로구	청운효자동	429	109	320	54	13	41	24	7	17	351	89	262
2016	종로구	혜화동	612	168	444	53	12	41	20	8	12	539	148	391
2016	중구	소계	5,528	1,981	3,547	1,452	633	819	213	75	138	3,863	1,273	2,590
2016	중구	소공동	54	24	30	7	4	3	1	-	1	46	20	26
2016	중구	회현동	461	245	216	156	110	46	13	7	6	292	128	164
2016	중구	명동	157	82	75	27	20	7	3	1	2	127	61	66
2016	중구	필동	228	86	142	39	19	20	3	1	2	186	66	120
2016	중구	장충동	187	59	128	36	15	21	4	1	3	147	43	104
2016	중구	광희동	352	159	193	51	25	26	6	2	4	295	132	163
2016	중구	을지로동	224	140	84	51	33	18	7	2	5	166	105	61
2016	중구	신당5동	411	116	295	112	37	75	9	2	7	290	77	213
2016	중구	황학동	514	204	310	160	78	82	17	6	11	337	120	217
2016	중구	중림동	440	164	276	134	67	67	30	11	19	276	86	190
2016	중구	신당동	385	151	234	92	43	49	14	6	8	279	102	177
2016	중구	다산동	503	159	344	103	39	64	27	10	17	373	110	263
2016	중구	약수동	755	190	565	248	75	173	44	17	27	463	98	365
2016	중구	청구동	601	139	462	196	59	137	26	8	18	379	72	307
2016	중구	동화동	256	63	193	40	9	31	9	1	8	207	53	154
2016	용산구	소계	8,520	2,632	5,888	1,598	620	978	420	97	323	6,502	1,915	4,587
2016	용산구	후암동	785	241	544	194	73	121	44	12	32	547	156	391
2016	용산구	용산2가동	493	130	363	87	21	66	36	5	31	370	104	266
2016	용산구	남영동	701	444	257	313	242	71	28	16	12	360	186	174
2016	용산구	원효로2동	442	98	344	84	20	64	27	8	19	331	70	261
2016	용산구	효창동	247	66	181	32	13	19	9	2	7	206	51	155
2016	용산구	용문동	345	76	269	65	14	51	17	2	15	263	60	203
2016	용산구	이촌1동	645	139	506	16	4	12	9	2	7	620	133	487
2016	용산구	이촌2동	353	82	271	33	8	25	14	1	13	306	73	233
2016	용산구	이태원1동	327	80	247	49	7	42	14	7	7	264	66	198
2016	용산구	이태원2동	409	94	315	61	14	47	29	1	28	319	79	240
2016	용산구	서빙고동	428	103	325	41	10	31	21	2	19	366	91	275
2016	용산구	보광동	662	180	482	154	39	115	59	12	47	449	129	320
2016	용산구	청파동	786	269	517	171	71	100	32	7	25	583	191	392
2016	용산구	원효로1동	389	134	255	59	20	39	16	2	14	314	112	202
2016	용산구	한강로동	715	254	461	95	37	58	40	14	26	580	203	377
2016	용산구	한남동	793	242	551	144	27	117	25	4	21	624	211	413
2016	성동구	소계	9,025	…	…	1,542	…	…	666	…	…	6,817	…	…
2016	성동구	왕십리2동	546	…	…	93	…	…	43	…	…	410	…	…
2016	성동구	마장동	734	…	…	158	…	…	126	…	…	450	…	…
2016	성동구	사근동	338	…	…	33	…	…	16	…	…	289	…	…
2016	성동구	행당1동	511	…	…	74	…	…	24	…	…	413	…	…
2016	성동구	행당2동	616	…	…	99	…	…	52	…	…	465	…	…
2016	성동구	응봉동	423	…	…	5	…	…	77	…	…	341	…	…
2016	성동구	금호1가동	512	…	…	130	…	…	34	…	…	348	…	…
2016	성동구	금호4가동	478	…	…	95	…	…	16	…	…	367	…	…
2016	성동구	성수1가1동	452	…	…	85	…	…	35	…	…	332	…	…
2016	성동구	성수1가2동	442	…	…	58	…	…	22	…	…	362	…	…
2016	성동구	성수2가1동	677	…	…	117	…	…	54	…	…	506	…	…
2016	성동구	성수2가3동	335	…	…	35	…	…	15	…	…	285	…	…
2016	성동구	송정동	361	…	…	71	…	…	39	…	…	251	…	…
2016	성동구	용답동	665	…	…	154	…	…	14	…	…	497	…	…
2016	성동구	왕십리도선동	685	…	…	172	…	…	39	…	…	474	…	…
2016	성동구	금호2.3가동	654	…	…	111	…	…	19	…	…	524	…	…
2016	성동구	옥수동	596	…	…	52	…	…	41	…	…	503	…	…
2016	광진구	소계	8,860	2,722	6,138	1,421	416	1,005	621	155	466	6,818	2,151	4,667
2016	광진구	화양동	622	178	444	89	29	60	26	7	19	507	142	365
2016	광진구	군자동	574	185	389	119	34	85	23	-	23	432	151	281
2016	광진구	중곡1동	485	168	317	72	17	55	94	26	68	319	125	194
2016	광진구	중곡2동	480	144	336	90	31	59	53	14	39	337	99	238
2016	광진구	중곡3동	534	168	366	104	28	76	32	5	27	398	135	263
2016	광진구	중곡4동	842	252	590	180	42	138	56	7	49	606	203	403
2016	광진구	능동	260	90	170	45	13	32	36	12	24	179	65	114
2016	광진구	구의1동	580	181	399	100	33	67	59	22	37	421	126	295
2016	광진구	구의2동	669	209	460	111	26	85	44	8	36	514	175	339
2016	광진구	구의3동	608	171	437	28	8	20	29	7	22	551	156	395
2016	광진구	광장동	493	145	348	40	15	25	17	1	16	436	129	307
2016	광진구	자양1동	681	215	466	120	27	93	59	16	43	502	172	330
2016	광진구	자양2동	532	157	375	86	30	56	36	13	23	410	114	296
2016	광진구	자양3동	562	144	418	51	20	31	31	10	21	480	114	366
2016	광진구	자양4동	938	315	623	186	63	123	26	7	19	726	245	481
2016	동대문구	소계	12,570	4,204	8,366	2,776	1,057	1,719	761	238	523	9,033	2,909	6,124
2016	동대문구	회기동	322	85	237	54	16	38	18	3	15	250	66	184
2016	동대문구	휘경1동	476	164	312	90	33	57	32	9	23	354	122	232
2016	동대문구	휘경2동	643	173	470	92	25	67	34	7	27	517	141	376
2016	동대문구	청량리동	1,363	485	878	403	162	241	87	30	57	873	293	580
2016	동대문구	용신동	1,488	633	855	399	213	186	69	33	36	1,020	387	633
2016	동대문구	제기동	1,442	522	920	338	152	186	87	31	56	1,017	339	678
2016	동대문구	전농1동	1,420	533	887	374	160	214	89	31	58	957	342	615
2016	동대문구	전농2동	527	149	378	100	24	76	38	11	27	389	114	275
2016	동대문구	답십리1동	648	197	451	127	36	91	28	7	21	493	154	339
2016	동대문구	답십리2동	924	250	674	201	44	157	81	26	55	642	180	462
2016	동대문구	장안1동	913	304	609	169	65	104	58	19	39	686	220	466
2016	동대문구	장안2동	748	231	517	120	39	81	49	12	37	579	180	399
2016	동대문구	이문1동	1,001	290	711	162	48	114	40	10	30	799	232	567
2016	동대문구	이문2동	655	188	467	147	40	107	51	9	42	457	139	318
2016	중랑구	소계	14,184	4,572	9,612	2,910	879	2,031	756	217	539	10,518	3,476	7,042
2016	중랑구	면목2동	1,012	317	695	181	47	134	47	7	40	784	263	521
2016	중랑구	면목4동	892	272	620	210	74	136	45	14	31	637	184	453
2016	중랑구	면목5동	405	136	269	68	21	47	32	11	21	305	104	201
2016	중랑구	면목7동	854	269	585	154	47	107	52	11	41	648	211	437
2016	중랑구	상봉1동	721	207	514	176	49	127	45	9	36	500	149	351
2016	중랑구	상봉2동	777	287	490	144	52	92	40	9	31	593	226	367
2016	중랑구	중화1동	591	181	410	107	26	81	38	11	27	446	144	302
2016	중랑구	중화2동	1,380	524	856	303	99	204	65	18	47	1,012	407	605
2016	중랑구	묵1동	852	246	606	126	33	93	53	13	40	673	200	473
2016	중랑구	묵2동	652	208	444	126	31	95	38	9	29	488	168	320
2016	중랑구	망우3동	794	255	539	200	67	133	51	14	37	543	174	369
2016	중랑구	신내1동	794	224	570	143	37	106	49	17	32	602	170	432
2016	중랑구	신내2동	719	197	522	185	66	119	35	13	22	499	118	381
2016	중랑구	면목본동	1,324	433	891	269	74	195	47	16	31	1,008	343	665
2016	중랑구	면목3.8동	1,125	358	767	253	75	178	54	20	34	818	263	555
2016	중랑구	망우본동	1,292	458	834	265	81	184	65	25	40	962	352	610
2016	성북구	소계	13,643	3,974	9,669	2,463	761	1,702	752	141	611	10,428	3,072	7,356
2016	성북구	돈암1동	472	113	359	89	20	69	22	3	19	361	90	271
2016	성북구	돈암2동	400	110	290	73	23	50	22	7	15	305	80	225
2016	성북구	안암동	497	147	350	93	32	61	24	3	21	380	112	268
2016	성북구	보문동	539	159	380	98	34	64	32	6	26	409	119	290
2016	성북구	정릉1동	472	131	341	65	21	44	14	3	11	393	107	286
2016	성북구	정릉2동	791	219	572	127	37	90	45	7	38	619	175	444
2016	성북구	정릉3동	777	248	529	168	59	109	45	6	39	564	183	381
2016	성북구	정릉4동	830	240	590	124	39	85	39	7	32	667	194	473
2016	성북구	길음1동	580	121	459	103	26	77	40	2	38	437	93	344
2016	성북구	길음2동	448	148	300	88	31	57	23	4	19	337	113	224
2016	성북구	월곡1동	795	223	572	151	37	114	40	8	32	604	178	426
2016	성북구	월곡2동	596	168	428	123	31	92	38	7	31	435	130	305
2016	성북구	장위1동	702	223	479	146	55	91	43	8	35	513	160	353
2016	성북구	장위2동	811	242	569	168	41	127	44	13	31	599	188	411
2016	성북구	장위3동	477	199	278	99	37	62	31	9	22	347	153	194
2016	성북구	성북동	608	175	433	76	21	55	30	5	25	502	149	353
2016	성북구	삼선동	898	254	644	142	54	88	56	9	47	700	191	509
2016	성북구	동선동	506	139	367	77	31	46	40	7	33	389	101	288
2016	성북구	종암동	1,258	359	899	221	62	159	66	18	48	971	279	692
2016	성북구	석관동	1,186	356	830	232	70	162	58	9	49	896	277	619
2016	강북구	소계	13,760	4,234	9,526	2,750	819	1,931	1,176	256	920	9,834	3,159	6,675
2016	강북구	번1동	829	283	546	148	47	101	38	10	28	643	226	417
2016	강북구	번2동	813	201	612	187	48	139	137	21	116	489	132	357
2016	강북구	번3동	942	240	702	286	91	195	183	35	148	473	114	359
2016	강북구	수유1동	1,061	362	699	186	57	129	64	18	46	811	287	524
2016	강북구	수유2동	843	213	630	158	39	119	76	14	62	609	160	449
2016	강북구	수유3동	979	337	642	185	70	115	73	12	61	721	255	466
2016	강북구	삼양동	1,316	429	887	296	86	210	101	25	76	919	318	601
2016	강북구	미아동	1,013	322	691	150	51	99	65	16	49	798	255	543
2016	강북구	송중동	1,252	413	839	198	65	133	80	24	56	974	324	650
2016	강북구	송천동	1,550	501	1,049	287	95	192	123	24	99	1,140	382	758
2016	강북구	삼각산동	809	187	622	233	47	186	67	15	52	509	125	384
2016	강북구	우이동	959	308	651	151	44	107	48	12	36	760	252	508
2016	강북구	인수동	1,394	438	956	285	79	206	121	30	91	988	329	659
2016	도봉구	소계	10,601	3,162	7,439	1,548	460	1,088	845	194	651	8,208	2,508	5,700
2016	도봉구	쌍문1동	758	224	534	118	31	87	64	20	44	576	173	403
2016	도봉구	쌍문2동	755	208	547	98	26	72	59	13	46	598	169	429
2016	도봉구	쌍문3동	588	188	400	78	22	56	26	6	20	484	160	324
2016	도봉구	쌍문4동	399	90	309	32	7	25	14	1	13	353	82	271
2016	도봉구	방학1동	986	330	656	160	58	102	86	22	64	740	250	490
2016	도봉구	방학2동	934	332	602	237	67	170	114	23	91	583	242	341
2016	도봉구	방학3동	646	128	518	39	4	35	33	10	23	574	114	460
2016	도봉구	창1동	798	209	589	71	22	49	41	10	31	686	177	509
2016	도봉구	창2동	766	231	535	109	20	89	50	11	39	607	200	407
2016	도봉구	창3동	594	178	416	135	37	98	90	14	76	369	127	242
2016	도봉구	창4동	678	170	508	49	12	37	39	8	31	590	150	440
2016	도봉구	창5동	611	181	430	52	19	33	44	10	34	515	152	363
2016	도봉구	도봉1동	1,135	415	720	200	77	123	93	21	72	842	317	525
2016	도봉구	도봉2동	953	278	675	170	58	112	92	25	67	691	195	496
2016	노원구	소계	17,944	4,555	13,389	4,360	1,029	3,331	1,489	297	1,192	12,095	3,229	8,866
2016	노원구	월계1동	764	254	510	99	35	64	29	6	23	636	213	423
2016	노원구	월계2동	1,338	372	966	551	158	393	153	21	132	634	193	441
2016	노원구	월계3동	1,200	270	930	351	70	281	92	22	70	757	178	579
2016	노원구	공릉2동	910	240	670	101	19	82	48	6	42	761	215	546
2016	노원구	하계1동	1,109	239	870	456	86	370	97	13	84	556	140	416
2016	노원구	하계2동	610	129	481	149	35	114	55	15	40	406	79	327
2016	노원구	중계본동	634	179	455	89	22	67	53	11	42	492	146	346
2016	노원구	중계1동	473	94	379	82	17	65	34	9	25	357	68	289
2016	노원구	중계4동	845	193	652	257	72	185	111	29	82	477	92	385
2016	노원구	상계1동	1,061	320	741	221	41	180	87	11	76	753	268	485
2016	노원구	상계2동	627	192	435	111	37	74	55	5	50	461	150	311
2016	노원구	상계5동	1,063	278	785	204	41	163	75	25	50	784	212	572
2016	노원구	상계8동	511	98	413	30	5	25	20	3	17	461	90	371
2016	노원구	상계9동	636	134	502	35	4	31	26	8	18	575	122	453
2016	노원구	상계10동	504	100	404	35	6	29	22	2	20	447	92	355
2016	노원구	상계3.4동	1,718	561	1,157	520	139	381	139	45	94	1,059	377	682
2016	노원구	상계6.7동	1,072	194	878	52	9	43	34	9	25	986	176	810
2016	노원구	중계2.3동	1,703	358	1,345	658	134	524	265	48	217	780	176	604
2016	노원구	공릉1동	1,166	350	816	359	99	260	94	9	85	713	242	471
2016	은평구	소계	16,628	5,176	11,452	3,374	1,158	2,216	1,001	222	779	12,253	3,796	8,457
2016	은평구	녹번동	1,419	450	969	226	86	140	78	22	56	1,115	342	773
2016	은평구	불광1동	1,576	465	1,111	270	101	169	84	28	56	1,222	336	886
2016	은평구	갈현1동	993	309	684	240	66	174	77	19	58	676	224	452
2016	은평구	갈현2동	881	270	611	189	66	123	56	4	52	636	200	436
2016	은평구	구산동	948	379	569	235	108	127	58	11	47	655	260	395
2016	은평구	대조동	1,322	448	874	293	107	186	63	16	47	966	325	641
2016	은평구	응암1동	868	256	612	175	48	127	30	12	18	663	196	467
2016	은평구	응암2동	664	204	460	156	46	110	38	9	29	470	149	321
2016	은평구	신사1동	756	218	538	133	42	91	35	7	28	588	169	419
2016	은평구	신사2동	701	217	484	140	49	91	48	14	34	513	154	359
2016	은평구	증산동	644	225	419	95	41	54	40	11	29	509	173	336
2016	은평구	수색동	721	191	530	176	49	127	65	6	59	480	136	344
2016	은평구	진관동	903	266	637	123	38	85	71	9	62	709	219	490
2016	은평구	불광2동	1,392	466	926	352	133	219	94	23	71	946	310	636
2016	은평구	응암3동	1,363	367	996	293	85	208	78	18	60	992	264	728
2016	은평구	역촌동	1,477	445	1,032	278	93	185	86	13	73	1,113	339	774
2016	서대문구	소계	10,482	2,920	7,562	1,610	453	1,157	623	167	456	8,249	2,300	5,949
2016	서대문구	천연동	872	233	639	202	62	140	59	15	44	611	156	455
2016	서대문구	홍제1동	832	225	607	109	36	73	44	10	34	679	179	500
2016	서대문구	홍제3동	760	203	557	127	35	92	74	24	50	559	144	415
2016	서대문구	홍제2동	498	122	376	92	24	68	56	8	48	350	90	260
2016	서대문구	홍은1동	897	241	656	185	55	130	46	12	34	666	174	492
2016	서대문구	홍은2동	891	273	618	127	37	90	44	14	30	720	222	498
2016	서대문구	남가좌1동	340	104	236	46	12	34	22	5	17	272	87	185
2016	서대문구	남가좌2동	826	211	615	165	34	131	58	19	39	603	158	445
2016	서대문구	북가좌1동	388	108	280	44	9	35	24	5	19	320	94	226
2016	서대문구	북가좌2동	1,161	320	841	163	44	119	67	22	45	931	254	677
2016	서대문구	충현동	760	231	529	118	29	89	38	11	27	604	191	413
2016	서대문구	북아현동	484	146	338	65	27	38	20	4	16	399	115	284
2016	서대문구	신촌동	528	159	369	54	17	37	27	7	20	447	135	312
2016	서대문구	연희동	1,245	344	901	113	32	81	44	11	33	1,088	301	787
2016	마포구	소계	10,268	2,779	7,489	1,615	581	1,034	561	195	366	8,092	2,003	6,089
2016	마포구	용강동	623	154	469	74	23	51	24	3	21	525	128	397
2016	마포구	대흥동	515	170	345	86	32	54	32	7	25	397	131	266
2016	마포구	염리동	476	151	325	82	24	58	8	1	7	386	126	260
2016	마포구	신수동	527	131	396	60	12	48	22	5	17	445	114	331
2016	마포구	서교동	614	186	428	46	21	25	26	7	19	542	158	384
2016	마포구	합정동	525	143	382	71	18	53	22	7	15	432	118	314
2016	마포구	망원1동	720	195	525	138	27	111	48	17	31	534	151	383
2016	마포구	망원2동	492	130	362	57	11	46	23	5	18	412	114	298
2016	마포구	연남동	462	121	341	67	12	55	21	4	17	374	105	269
2016	마포구	성산1동	538	157	381	94	34	60	32	10	22	412	113	299
2016	마포구	성산2동	1,313	310	1,003	261	196	65	112	83	29	940	31	909
2016	마포구	상암동	378	90	288	74	15	59	69	25	44	235	50	185
2016	마포구	도화동	645	177	468	122	42	80	41	8	33	482	127	355
2016	마포구	서강동	535	142	393	69	23	46	20	2	18	446	117	329
2016	마포구	공덕동	1,378	374	1,004	198	62	136	18	5	13	1,162	307	855
2016	마포구	아현동	527	148	379	116	29	87	43	6	37	368	113	255
2016	양천구	소계	10,178	2,983	7,195	1,997	605	1,392	859	260	599	7,322	2,118	5,204
2016	양천구	목1동	363	91	272	53	20	33	36	22	14	274	49	225
2016	양천구	목2동	602	155	447	96	24	72	35	9	26	471	122	349
2016	양천구	목3동	529	140	389	102	27	75	57	20	37	370	93	277
2016	양천구	목4동	527	140	387	104	33	71	17	5	12	406	102	304
2016	양천구	신월1동	816	288	528	227	83	144	95	30	65	494	175	319
2016	양천구	신월2동	528	148	380	118	33	85	58	25	33	352	90	262
2016	양천구	신월3동	755	265	490	186	60	126	92	21	71	477	184	293
2016	양천구	신월4동	353	104	249	46	14	32	25	6	19	282	84	198
2016	양천구	신월5동	377	123	254	105	34	71	44	15	29	228	74	154
2016	양천구	신월6동	172	53	119	24	10	14	5	-	5	143	43	100
2016	양천구	신월7동	755	213	542	105	28	77	52	13	39	598	172	426
2016	양천구	신정1동	351	85	266	54	15	39	38	18	20	259	52	207
2016	양천구	신정2동	419	96	323	97	20	77	35	6	29	287	70	217
2016	양천구	신정3동	1,012	325	687	208	67	141	40	12	28	764	246	518
2016	양천구	신정6동	258	55	203	3	-	3	8	-	8	247	55	192
2016	양천구	신정7동	914	254	660	271	60	211	147	38	109	496	156	340
2016	양천구	목5동	443	80	363	3	-	3	2	-	2	438	80	358
2016	양천구	신정4동	1,004	368	636	195	77	118	73	20	53	736	271	465
2016	강서구	소계	15,548	5,106	10,442	3,095	1,005	2,090	888	205	683	11,565	3,896	7,669
2016	강서구	염창동	446	123	323	25	11	14	2	1	1	419	111	308
2016	강서구	등촌1동	552	158	394	36	7	29	15	4	11	501	147	354
2016	강서구	등촌2동	348	107	241	45	9	36	22	6	16	281	92	189
2016	강서구	등촌3동	1,652	473	1,179	719	231	488	105	23	82	828	219	609
2016	강서구	화곡본동	691	205	486	129	36	93	43	10	33	519	159	360
2016	강서구	화곡2동	467	162	305	82	27	55	26	4	22	359	131	228
2016	강서구	화곡3동	557	175	382	71	18	53	21	5	16	465	152	313
2016	강서구	화곡4동	650	213	437	106	33	73	35	7	28	509	173	336
2016	강서구	화곡6동	553	190	363	70	20	50	44	10	34	439	160	279
2016	강서구	화곡8동	619	190	429	86	25	61	14	5	9	519	160	359
2016	강서구	가양1동	334	94	240	15	3	12	12	3	9	307	88	219
2016	강서구	가양2동	997	287	710	466	157	309	105	20	85	426	110	316
2016	강서구	가양3동	781	194	587	277	87	190	82	17	65	422	90	332
2016	강서구	발산1동	601	153	448	60	15	45	33	7	26	508	131	377
2016	강서구	공항동	1,308	825	483	101	33	68	56	15	41	1,151	777	374
2016	강서구	방화1동	906	303	603	106	29	77	41	7	34	759	267	492
2016	강서구	방화2동	1,001	318	683	152	76	76	46	17	29	803	225	578
2016	강서구	방화3동	1,065	303	762	314	114	200	90	19	71	661	170	491
2016	강서구	화곡1동	1,279	425	854	176	60	116	66	18	48	1,037	347	690
2016	강서구	우장산동	741	208	533	59	14	45	30	7	23	652	187	465
2016	구로구	소계	11,732	3,938	7,794	1,771	588	1,183	712	271	441	9,249	3,079	6,170
2016	구로구	신도림동	501	144	357	25	11	14	13	5	8	463	128	335
2016	구로구	구로1동	270	71	199	12	4	8	9	2	7	249	65	184
2016	구로구	구로3동	648	215	433	201	56	145	79	29	50	368	130	238
2016	구로구	구로4동	1,011	315	696	65	26	39	43	12	31	903	277	626
2016	구로구	구로5동	731	263	468	193	48	145	62	24	38	476	191	285
2016	구로구	고척1동	663	187	476	87	25	62	38	19	19	538	143	395
2016	구로구	고척2동	850	273	577	75	19	56	39	17	22	736	237	499
2016	구로구	개봉2동	815	263	552	124	39	85	62	24	38	629	200	429
2016	구로구	개봉3동	579	182	397	191	74	117	72	25	47	316	83	233
2016	구로구	오류1동	686	235	451	121	39	82	34	13	21	531	183	348
2016	구로구	오류2동	987	320	667	108	31	77	40	12	28	839	277	562
2016	구로구	수궁동	699	253	446	143	60	83	50	25	25	506	168	338
2016	구로구	가리봉동	793	341	452	162	43	119	71	25	46	560	273	287
2016	구로구	구로2동	1,383	447	936	85	25	60	48	13	35	1,250	409	841
2016	구로구	개봉1동	1,116	429	687	179	88	91	52	26	26	885	315	570
2016	금천구	소계	8,070	2,771	5,299	1,872	602	1,270	569	175	394	5,629	1,994	3,635
2016	금천구	가산동	623	291	332	132	62	70	40	17	23	451	212	239
2016	금천구	독산1동	889	318	571	248	83	165	62	22	40	579	213	366
2016	금천구	독산2동	781	253	528	195	64	131	68	14	54	518	175	343
2016	금천구	독산3동	980	348	632	218	60	158	41	7	34	721	281	440
2016	금천구	독산4동	535	166	369	114	25	89	46	12	34	375	129	246
2016	금천구	시흥1동	1,315	458	857	259	91	168	84	33	51	972	334	638
2016	금천구	시흥2동	701	222	479	231	71	160	52	12	40	418	139	279
2016	금천구	시흥3동	431	153	278	56	18	38	36	6	30	339	129	210
2016	금천구	시흥4동	759	242	517	163	49	114	60	35	25	536	158	378
2016	금천구	시흥5동	1,056	320	736	256	79	177	80	17	63	720	224	496
2016	영등포구	소계	13,239	4,625	8,614	2,169	847	1,322	208	52	156	10,862	3,726	7,136
2016	영등포구	여의동	991	258	733	15	5	10	2	-	2	974	253	721
2016	영등포구	당산1동	740	271	469	110	45	65	10	4	6	620	222	398
2016	영등포구	당산2동	686	199	487	39	15	24	4	2	2	643	182	461
2016	영등포구	양평1동	540	185	355	59	16	43	6	2	4	475	167	308
2016	영등포구	양평2동	434	132	302	46	9	37	3	-	3	385	123	262
2016	영등포구	신길1동	1,022	329	693	193	54	139	24	6	18	805	269	536
2016	영등포구	신길3동	698	220	478	132	40	92	17	5	12	549	175	374
2016	영등포구	신길4동	524	169	355	125	32	93	19	3	16	380	134	246
2016	영등포구	신길5동	548	183	365	95	30	65	21	4	17	432	149	283
2016	영등포구	신길6동	713	227	486	88	32	56	9	2	7	616	193	423
2016	영등포구	신길7동	330	97	233	32	9	23	7	-	7	291	88	203
2016	영등포구	대림1동	688	211	477	121	35	86	14	2	12	553	174	379
2016	영등포구	대림2동	667	234	433	112	35	77	9	2	7	546	197	349
2016	영등포구	대림3동	774	238	536	123	42	81	8	4	4	643	192	451
2016	영등포구	영등포본동	1,010	386	624	186	83	103	16	8	8	808	295	513
2016	영등포구	영등포동	1,240	689	551	472	270	202	17	4	13	751	415	336
2016	영등포구	도림동	802	287	515	146	52	94	13	4	9	643	231	412
2016	영등포구	문래동	832	310	522	75	43	32	9	-	9	748	267	481
2016	동작구	소계	11,751	3,630	8,121	1,637	536	1,101	824	229	595	9,290	2,865	6,425
2016	동작구	노량진2동	671	235	436	131	54	77	53	14	39	487	167	320
2016	동작구	상도1동	1,339	346	993	199	73	126	104	27	77	1,036	246	790
2016	동작구	상도2동	951	331	620	96	35	61	74	19	55	781	277	504
2016	동작구	상도3동	727	197	530	112	22	90	66	17	49	549	158	391
2016	동작구	상도4동	1,032	289	743	119	36	83	78	25	53	835	228	607
2016	동작구	사당1동	622	550	72	103	85	18	35	26	9	484	439	45
2016	동작구	사당3동	585	172	413	45	13	32	17	6	11	523	153	370
2016	동작구	사당4동	469	132	337	61	14	47	23	2	21	385	116	269
2016	동작구	사당5동	347	83	264	33	8	25	21	3	18	293	72	221
2016	동작구	대방동	990	207	783	183	36	147	161	46	115	646	125	521
2016	동작구	신대방1동	604	181	423	76	18	58	32	8	24	496	155	341
2016	동작구	신대방2동	500	167	333	66	35	31	15	1	14	419	131	288
2016	동작구	흑석동	1,129	281	848	130	36	94	69	18	51	930	227	703
2016	동작구	노량진1동	941	237	704	164	38	126	51	11	40	726	188	538
2016	동작구	사당2동	844	222	622	119	33	86	25	6	19	700	183	517
2016	관악구	소계	15,655	5,052	10,603	2,765	852	1,913	524	123	401	12,366	4,077	8,289
2016	관악구	보라매동	846	245	601	172	41	131	17	4	13	657	200	457
2016	관악구	청림동	584	153	431	126	44	82	28	6	22	430	103	327
2016	관악구	행운동	912	310	602	188	62	126	36	8	28	688	240	448
2016	관악구	낙성대동	481	160	321	63	21	42	13	5	8	405	134	271
2016	관악구	중앙동	552	170	382	84	26	58	19	3	16	449	141	308
2016	관악구	인헌동	704	208	496	74	21	53	22	5	17	608	182	426
2016	관악구	남현동	396	135	261	40	12	28	8	2	6	348	121	227
2016	관악구	서원동	613	209	404	87	28	59	21	7	14	505	174	331
2016	관악구	신원동	697	206	491	121	36	85	34	7	27	542	163	379
2016	관악구	서림동	636	203	433	86	28	58	16	8	8	534	167	367
2016	관악구	신사동	701	226	475	141	43	98	15	1	14	545	182	363
2016	관악구	신림동	475	191	284	79	37	42	16	5	11	380	149	231
2016	관악구	난향동	476	160	316	85	18	67	13	2	11	378	140	238
2016	관악구	조원동	559	208	351	71	21	50	24	6	18	464	181	283
2016	관악구	대학동	545	183	362	67	38	29	9	4	5	469	141	328
2016	관악구	은천동	1,048	332	716	233	63	170	38	8	30	777	261	516
2016	관악구	성현동	1,079	285	794	236	53	183	45	7	38	798	225	573
2016	관악구	청룡동	933	366	567	123	55	68	26	10	16	784	301	483
2016	관악구	난곡동	1,121	364	757	235	77	158	40	8	32	846	279	567
2016	관악구	삼성동	1,325	419	906	281	78	203	50	11	39	994	330	664
2016	관악구	미성동	972	319	653	173	50	123	34	6	28	765	263	502
2016	서초구	소계	8,811	2,765	6,046	540	144	396	121	31	90	8,150	2,590	5,560
2016	서초구	서초1동	439	149	290	34	10	24	10	2	8	395	137	258
2016	서초구	서초2동	400	139	261	9	1	8	3	-	3	388	138	250
2016	서초구	서초3동	623	200	423	37	9	28	6	3	3	580	188	392
2016	서초구	서초4동	442	137	305	1	-	1	-	-	-	441	137	304
2016	서초구	잠원동	695	190	505	31	10	21	4	2	2	660	178	482
2016	서초구	반포본동	252	65	187	-	-	-	-	-	-	252	65	187
2016	서초구	반포1동	545	166	379	29	9	20	4	1	3	512	156	356
2016	서초구	반포2동	322	71	251	1	-	1	-	-	-	321	71	250
2016	서초구	반포3동	381	79	302	-	-	-	1	-	1	380	79	301
2016	서초구	반포4동	359	120	239	5	-	5	2	-	2	352	120	232
2016	서초구	방배본동	413	125	288	21	5	16	3	2	1	389	118	271
2016	서초구	방배1동	385	130	255	33	8	25	7	2	5	345	120	225
2016	서초구	방배2동	706	251	455	53	16	37	12	1	11	641	234	407
2016	서초구	방배3동	518	153	365	27	5	22	23	5	18	468	143	325
2016	서초구	방배4동	523	158	365	25	5	20	8	3	5	490	150	340
2016	서초구	양재1동	882	264	618	150	45	105	13	1	12	719	218	501
2016	서초구	양재2동	476	182	294	50	12	38	12	6	6	414	164	250
2016	서초구	내곡동	450	186	264	34	9	25	13	3	10	403	174	229
2016	강남구	소계	11,218	3,170	8,048	1,716	562	1,154	123	25	98	9,379	2,583	6,796
2016	강남구	신사동	380	96	284	81	33	48	2	-	2	297	63	234
2016	강남구	논현1동	500	172	328	54	23	31	4	1	3	442	148	294
2016	강남구	논현2동	409	138	271	29	8	21	3	2	1	377	128	249
2016	강남구	삼성1동	243	73	170	12	2	10	1	1	-	230	70	160
2016	강남구	삼성2동	479	140	339	59	17	42	4	1	3	416	122	294
2016	강남구	대치1동	151	31	120	3	1	2	-	-	-	148	30	118
2016	강남구	대치4동	315	109	206	43	13	30	3	-	3	269	96	173
2016	강남구	역삼1동	679	277	402	79	32	47	2	2	-	598	243	355
2016	강남구	역삼2동	453	110	343	38	5	33	6	1	5	409	104	305
2016	강남구	도곡1동	338	94	244	24	13	11	1	-	1	313	81	232
2016	강남구	도곡2동	478	150	328	3	1	2	2	1	1	473	148	325
2016	강남구	개포1동	907	160	747	97	23	74	11	1	10	799	136	663
2016	강남구	개포4동	335	102	233	58	16	42	2	-	2	275	86	189
2016	강남구	일원본동	370	84	286	8	1	7	1	-	1	361	83	278
2016	강남구	일원1동	602	188	414	226	53	173	35	6	29	341	129	212
2016	강남구	일원2동	641	133	508	213	58	155	15	-	15	413	75	338
2016	강남구	수서동	1,135	322	813	428	185	243	7	1	6	700	136	564
2016	강남구	세곡동	766	255	511	162	50	112	10	4	6	594	201	393
2016	강남구	압구정동	647	159	488	13	3	10	1	1	-	633	155	478
2016	강남구	청담동	491	148	343	21	8	13	1	-	1	469	140	329
2016	강남구	대치2동	471	128	343	24	4	20	3	1	2	444	123	321
2016	강남구	개포2동	428	101	327	41	13	28	9	2	7	378	86	292
2016	송파구	소계	12,081	3,590	8,491	1,634	535	1,099	603	158	445	9,844	2,897	6,947
2016	송파구	풍납1동	549	161	388	100	30	70	32	11	21	417	120	297
2016	송파구	풍납2동	484	131	353	73	31	42	28	5	23	383	95	288
2016	송파구	거여1동	371	127	244	80	29	51	31	8	23	260	90	170
2016	송파구	거여2동	637	196	441	113	35	78	48	15	33	476	146	330
2016	송파구	마천1동	816	283	533	221	81	140	75	17	58	520	185	335
2016	송파구	마천2동	623	204	419	176	60	116	54	13	41	393	131	262
2016	송파구	방이1동	257	92	165	21	9	12	15	4	11	221	79	142
2016	송파구	방이2동	541	179	362	59	11	48	23	6	17	459	162	297
2016	송파구	오륜동	191	42	149	4	1	3	4	1	3	183	40	143
2016	송파구	오금동	742	192	550	84	19	65	33	4	29	625	169	456
2016	송파구	송파1동	465	167	298	64	19	45	22	10	12	379	138	241
2016	송파구	송파2동	279	84	195	34	6	28	10	2	8	235	76	159
2016	송파구	석촌동	772	255	517	115	44	71	32	11	21	625	200	425
2016	송파구	삼전동	643	193	450	112	28	84	45	12	33	486	153	333
2016	송파구	가락본동	500	175	325	67	29	38	29	9	20	404	137	267
2016	송파구	가락1동	14	4	10	2	2	-	1	1	-	11	1	10
2016	송파구	가락2동	408	98	310	45	15	30	22	2	20	341	81	260
2016	송파구	문정1동	310	102	208	36	12	24	14	7	7	260	83	177
2016	송파구	문정2동	287	83	204	10	2	8	6	1	5	271	80	191
2016	송파구	장지동	663	170	493	100	26	74	34	8	26	529	136	393
2016	송파구	위례동	112	27	85	1	-	1	7	3	4	104	24	80
2016	송파구	잠실본동	601	199	402	88	39	49	23	7	16	490	153	337
2016	송파구	잠실4동	414	85	329	10	2	8	4	1	3	400	82	318
2016	송파구	잠실6동	253	70	183	2	-	2	1	-	1	250	70	180
2016	송파구	잠실7동	219	48	171	2	-	2	1	-	1	216	48	168
2016	송파구	잠실2동	382	85	297	5	2	3	4	-	4	373	83	290
2016	송파구	잠실3동	548	138	410	10	3	7	5	-	5	533	135	398
2016	강동구	소계	11,229	3,708	7,521	1,724	538	1,186	512	111	401	8,993	3,059	5,934
2016	강동구	강일동	476	156	320	63	13	50	41	9	32	372	134	238
2016	강동구	상일동	304	93	211	36	8	28	10	4	6	258	81	177
2016	강동구	명일1동	534	138	396	42	13	29	16	2	14	476	123	353
2016	강동구	명일2동	250	72	178	19	4	15	14	1	13	217	67	150
2016	강동구	고덕1동	272	88	184	151	40	111	24	6	18	97	42	55
2016	강동구	고덕2동	397	142	255	83	24	59	29	6	23	285	112	173
2016	강동구	암사2동	330	100	230	26	9	17	11	3	8	293	88	205
2016	강동구	암사3동	239	67	172	10	5	5	8	1	7	221	61	160
2016	강동구	천호1동	1,003	321	682	171	56	115	44	4	40	788	261	527
2016	강동구	천호3동	1,048	406	642	227	72	155	49	17	32	772	317	455
2016	강동구	성내1동	364	118	246	22	6	16	3	-	3	339	112	227
2016	강동구	성내2동	839	296	543	140	44	96	31	5	26	668	247	421
2016	강동구	성내3동	598	180	418	72	25	47	27	7	20	499	148	351
2016	강동구	둔촌1동	247	59	188	7	1	6	7	1	6	233	57	176
2016	강동구	둔촌2동	689	215	474	65	22	43	37	8	29	587	185	402
2016	강동구	암사1동	1,138	365	773	208	69	139	52	9	43	878	287	591
2016	강동구	천호2동	1,339	507	832	240	82	158	63	19	44	1,036	406	630
2016	강동구	길동	1,162	385	777	142	45	97	46	9	37	974	331	643