기간	자치구	동	한식음식점업	의류점	기타주점업	부동산자문 및 중개업	용달 및 개별화물 자동차운송업	슈퍼마켓	비알콜 음료점	두발미용업	분식 및 김밥전문점	체인화 편의점	중국 음식점업	제과점업	가정용 세탁업	노래연습장 운영업	치킨 전문점	자동차 전문 수리업	컴퓨터게임방 운영업	과실 및 채소소매업	육류 소매업	당구장 운영업
2012	합계	합계	159,242	49,810	43,088	37,464	37,635	35,454	36,632	30,867	23,026	23,242	16,884	16,117	11,887	10,962	11,240	10,263	9,688	7,459	7,639	5,052
2012	종로구	소계	9,571	1,207	2,088	961	762	1,153	3,075	431	1,050	807	833	596	237	300	388	127	211	155	147	185
2012	종로구	사직동	1,603	73	256	118	14	101	438	41	132	94	145	89	26	19	52	21	17	9	8	19
2012	종로구	삼청동	301	94	4	21	10	41	362	-	60	13	70	79	1	-	-	-	-	-	-	-
2012	종로구	부암동	108	15	25	22	22	31	51	9	27	21	12	9	13	2	8	25	4	-	-	3
2012	종로구	평창동	254	24	31	36	31	63	40	23	14	22	25	26	19	6	11	7	5	4	6	4
2012	종로구	무악동	47	3	10	20	343	29	6	11	15	13	11	9	15	3	9	3	9	3	2	1
2012	종로구	교남동	160	20	20	23	31	26	34	9	14	37	11	5	9	6	26	13	9	1	2	1
2012	종로구	가회동	261	21	20	15	9	28	99	11	20	22	26	9	6	2	12	10	-	6	3	1
2012	종로구	종로1.2.3.4가동	3,832	472	1,017	344	20	283	1,087	76	297	265	213	150	31	125	102	21	41	38	19	75
2012	종로구	종로5·6가동	889	141	106	107	46	112	132	25	113	75	45	15	11	31	27	7	7	14	17	21
2012	종로구	이화동	525	35	171	16	25	52	322	17	74	54	65	64	13	16	11	8	7	-	6	7
2012	종로구	창신1동	281	95	47	49	13	56	18	27	65	24	34	12	10	15	7	-	26	14	15	11
2012	종로구	창신2동	159	21	37	24	30	42	12	26	18	15	14	7	12	10	9	-	16	16	12	2
2012	종로구	창신3동	29	2	4	18	35	11	7	11	9	3	6	3	7	1	10	2	2	5	7	-
2012	종로구	숭인1동	72	8	10	17	34	43	5	19	10	18	4	9	7	-	12	2	8	2	8	3
2012	종로구	숭인2동	316	64	75	41	39	61	59	22	35	39	29	11	16	34	16	1	21	9	12	13
2012	종로구	청운효자동	125	32	14	28	30	56	56	25	21	7	14	8	21	-	13	2	1	23	21	4
2012	종로구	혜화동	609	87	241	62	30	118	347	79	126	85	109	91	20	30	63	5	38	11	9	20
2012	중구	소계	10,209	8,110	1,370	1,166	794	1,465	2,622	796	1,201	816	984	757	188	295	272	96	165	205	152	243
2012	중구	소공동	1,391	536	125	138	2	113	441	59	153	92	101	126	4	19	15	-	2	3	11	18
2012	중구	회현동	1,023	1,420	99	50	55	162	320	50	175	71	133	123	14	19	12	5	6	15	7	18
2012	중구	명동	2,809	1,872	250	298	7	149	985	344	244	188	399	219	10	30	62	9	15	8	3	43
2012	중구	필동	828	18	172	67	28	71	222	36	89	96	50	18	9	46	32	4	27	3	2	36
2012	중구	장충동	271	46	44	27	12	27	54	12	22	41	28	31	9	7	5	-	6	-	3	3
2012	중구	광희동	1,169	3,449	157	97	107	225	213	59	108	51	64	63	15	32	14	9	18	33	13	25
2012	중구	을지로동	781	128	128	60	15	119	141	14	107	78	74	17	6	26	14	3	5	5	1	36
2012	중구	신당1동	434	368	79	123	15	191	51	22	110	49	26	29	18	28	29	19	10	4	6	23
2012	중구	신당2동	230	29	68	54	42	58	38	37	32	26	24	17	21	21	10	15	8	5	10	6
2012	중구	신당3동	220	34	54	46	36	103	14	38	19	21	3	41	21	12	21	2	14	14	16	4
2012	중구	신당4동	132	27	24	33	61	35	9	23	9	22	13	6	14	4	7	-	4	21	3	7
2012	중구	신당5동	223	69	77	31	31	33	23	17	33	10	16	8	9	23	11	8	19	8	10	3
2012	중구	신당6동	105	34	18	40	39	61	31	28	20	18	21	19	13	3	10	3	16	4	9	9
2012	중구	황학동	336	79	19	54	46	71	29	26	53	18	12	28	13	13	14	8	3	66	50	6
2012	중구	중림동	257	1	56	48	298	47	51	31	27	35	20	12	12	12	16	11	12	16	8	6
2012	용산구	소계	4,148	1,253	1,058	1,103	702	952	1,247	668	631	747	565	658	296	175	299	285	183	172	182	105
2012	용산구	후암동	186	23	21	60	40	87	23	29	41	46	23	9	20	6	22	16	12	13	25	2
2012	용산구	용산2가동	76	5	19	37	37	49	31	23	15	22	3	16	21	5	5	3	6	10	10	4
2012	용산구	남영동	607	68	137	29	22	45	155	19	90	137	60	112	6	31	31	10	50	9	8	23
2012	용산구	원효로2동	103	20	24	40	77	50	22	21	17	40	40	4	16	9	6	31	10	3	5	7
2012	용산구	효창동	62	6	11	39	37	38	13	8	17	35	4	10	11	-	2	6	-	3	1	1
2012	용산구	용문동	108	31	36	37	42	40	19	30	17	10	-	7	18	11	27	5	20	27	34	4
2012	용산구	이촌1동	183	100	44	79	9	73	80	115	40	25	75	63	16	4	20	9	8	27	16	-
2012	용산구	이촌2동	20	2	4	30	81	18	5	12	12	-	5	3	13	2	11	16	-	11	4	-
2012	용산구	이태원1동	262	512	219	45	11	62	202	32	20	50	68	30	12	5	36	15	2	7	-	4
2012	용산구	이태원2동	102	14	76	69	29	40	27	36	11	34	18	38	20	4	9	-	6	4	4	2
2012	용산구	서빙고동	99	15	1	23	26	32	16	15	13	27	14	3	7	-	5	26	1	4	2	-
2012	용산구	보광동	148	27	80	53	55	58	6	58	36	22	9	11	20	10	40	16	9	16	16	5
2012	용산구	청파동	403	55	97	82	68	90	168	115	92	85	31	51	32	14	16	47	19	20	20	15
2012	용산구	원효로1동	375	6	50	76	39	55	28	20	51	50	51	22	28	21	23	26	7	4	11	11
2012	용산구	한강로동	873	250	86	228	66	98	273	77	117	119	79	126	28	29	20	34	5	3	12	14
2012	용산구	한남동	541	119	153	176	63	117	179	58	42	45	85	153	28	24	26	25	28	11	14	13
2012	성동구	소계	4,152	930	838	861	1,529	1,132	749	681	633	611	343	389	341	245	266	709	245	137	229	161
2012	성동구	왕십리2동	77	27	29	52	64	39	7	42	15	12	6	10	14	7	11	-	13	8	7	4
2012	성동구	마장동	445	10	47	51	130	101	25	33	30	30	24	19	23	14	11	25	20	14	64	15
2012	성동구	사근동	376	17	195	39	52	58	184	67	110	103	43	40	12	40	17	-	74	5	10	43
2012	성동구	행당1동	383	292	50	44	67	97	148	67	85	66	25	95	22	12	36	8	16	12	15	7
2012	성동구	행당2동	63	27	2	44	47	42	29	38	27	22	12	16	20	4	17	3	-	5	8	-
2012	성동구	응봉동	25	12	8	22	61	25	7	16	6	-	8	15	15	1	11	4	3	3	5	-
2012	성동구	금호1가동	99	10	26	29	46	50	6	39	9	15	14	6	24	6	10	6	14	2	4	3
2012	성동구	금호4가동	113	31	43	44	34	60	5	24	11	11	6	11	19	10	8	4	4	6	9	5
2012	성동구	성수1가1동	106	10	19	56	87	53	24	26	39	33	17	12	15	10	10	46	2	-	4	6
2012	성동구	성수1가2동	289	19	40	59	127	75	22	30	37	51	11	18	17	22	13	85	22	8	15	11
2012	성동구	성수2가1동	349	78	59	69	127	102	64	54	64	52	24	34	41	29	22	51	24	14	8	12
2012	성동구	성수2가3동	651	143	64	71	388	112	75	20	59	74	58	32	18	32	20	229	15	5	9	29
2012	성동구	송정동	66	13	16	21	62	39	4	19	10	10	10	6	15	4	8	33	1	11	9	2
2012	성동구	용답동	336	93	83	46	67	72	30	51	48	36	27	36	20	13	9	182	16	20	26	9
2012	성동구	왕십리도선동	499	82	91	58	46	56	50	66	18	59	14	7	13	28	14	18	12	11	3	8
2012	성동구	금호2.3가동	179	51	51	66	75	65	18	53	40	20	25	11	27	11	25	1	9	12	26	5
2012	성동구	옥수동	96	15	15	90	49	86	51	36	25	17	19	21	26	2	24	14	-	1	7	2
2012	광진구	소계	5,317	1,290	2,213	1,315	1,391	1,323	1,220	1,246	831	1,021	635	651	513	575	388	210	483	247	322	204
2012	광진구	화양동	1,054	156	926	135	42	99	383	282	154	196	126	103	41	158	75	6	91	29	19	39
2012	광진구	군자동	314	53	140	85	57	85	104	61	60	61	62	35	38	31	27	20	41	8	30	15
2012	광진구	중곡1동	260	41	131	68	71	123	27	33	26	44	11	19	20	28	14	26	15	42	28	12
2012	광진구	중곡2동	299	51	87	93	103	74	32	62	32	48	20	13	30	33	19	16	28	8	15	11
2012	광진구	중곡3동	175	39	69	66	83	50	24	65	27	35	10	24	29	22	16	18	34	5	11	6
2012	광진구	중곡4동	194	107	56	54	147	112	35	65	52	67	13	14	31	27	15	2	28	14	29	12
2012	광진구	능동	349	22	81	37	37	44	26	22	19	66	2	15	14	43	9	5	3	2	18	6
2012	광진구	구의1동	468	45	187	105	207	113	56	65	51	71	34	41	36	76	36	8	37	13	13	24
2012	광진구	구의2동	238	64	59	55	122	90	47	49	48	37	18	37	41	13	21	16	26	12	26	12
2012	광진구	구의3동	533	216	117	172	63	146	101	113	99	84	73	72	40	25	33	24	30	4	13	13
2012	광진구	광장동	250	61	65	84	26	85	101	82	56	62	42	80	28	6	31	9	11	9	10	5
2012	광진구	자양1동	290	87	46	88	71	84	39	74	42	60	21	18	25	21	17	23	41	51	41	13
2012	광진구	자양2동	197	33	76	82	138	70	37	61	55	55	19	25	42	26	17	13	37	5	9	12
2012	광진구	자양3동	301	139	50	99	107	68	139	83	42	51	41	141	54	4	24	8	11	-	12	6
2012	광진구	자양4동	395	176	123	92	117	80	69	129	68	84	143	14	44	62	34	16	50	45	48	18
2012	동대문구	소계	5,512	1,700	1,465	960	1,697	1,623	1,039	920	926	868	501	528	482	352	377	525	388	976	393	203
2012	동대문구	회기동	401	76	230	45	23	112	195	75	82	116	51	76	17	48	35	2	26	3	7	20
2012	동대문구	휘경1동	275	47	86	32	50	77	64	36	50	56	18	22	21	23	17	3	14	12	20	10
2012	동대문구	휘경2동	82	7	12	47	389	60	26	36	34	59	15	19	28	5	15	10	32	6	7	6
2012	동대문구	청량리동	375	97	90	51	83	72	46	55	37	51	30	20	24	22	32	6	35	37	17	12
2012	동대문구	용신동	902	145	146	159	103	196	100	84	138	91	71	58	65	31	28	67	20	38	29	27
2012	동대문구	제기동	569	57	154	75	88	153	52	51	78	47	54	21	27	10	10	59	9	767	150	4
2012	동대문구	전농1동	477	514	103	80	158	146	154	109	94	66	30	74	36	41	48	53	37	21	25	15
2012	동대문구	전농2동	77	22	30	27	32	96	51	47	42	33	30	8	21	9	10	5	20	1	4	8
2012	동대문구	답십리1동	303	42	64	77	102	56	36	30	33	57	7	20	17	20	12	26	16	5	14	12
2012	동대문구	답십리2동	194	43	39	48	122	92	15	48	40	28	26	24	32	23	16	41	34	26	25	7
2012	동대문구	장안1동	808	239	140	113	205	232	88	99	88	89	76	45	73	41	43	198	34	16	37	22
2012	동대문구	장안2동	663	366	142	89	179	159	73	137	96	73	38	77	60	48	40	37	39	22	36	34
2012	동대문구	이문1동	307	36	183	72	83	132	125	89	98	77	46	49	43	21	62	13	63	17	10	23
2012	동대문구	이문2동	79	9	46	45	80	40	14	24	16	25	9	15	18	10	9	5	9	5	12	3
2012	중랑구	소계	4,570	1,140	1,561	1,011	2,610	1,384	544	987	640	573	333	416	484	560	366	389	444	438	392	206
2012	중랑구	면목2동	232	56	61	60	189	117	12	51	28	35	17	15	57	38	18	30	16	20	36	16
2012	중랑구	면목4동	114	15	34	49	122	55	11	42	20	43	14	9	27	11	14	9	10	5	6	7
2012	중랑구	면목5동	106	33	28	41	124	52	12	25	18	5	16	9	17	12	24	31	8	8	13	4
2012	중랑구	면목7동	240	73	79	72	119	73	16	54	38	23	15	26	24	28	16	22	22	42	32	8
2012	중랑구	상봉1동	78	16	35	49	103	62	42	37	20	9	8	15	31	14	9	24	21	9	7	5
2012	중랑구	상봉2동	670	143	227	94	65	90	66	55	52	51	49	21	25	103	30	39	76	122	13	24
2012	중랑구	중화1동	102	38	20	64	106	82	13	66	21	22	10	15	22	7	11	16	-	7	6	-
2012	중랑구	중화2동	478	91	203	74	198	136	59	83	68	43	50	29	35	66	28	42	42	59	54	26
2012	중랑구	묵1동	283	48	85	67	163	97	72	65	35	48	17	38	37	27	20	18	29	20	17	10
2012	중랑구	묵2동	226	47	81	54	433	71	11	51	36	22	20	4	21	30	19	26	23	18	6	20
2012	중랑구	망우3동	158	20	45	32	138	65	3	49	21	12	22	9	17	9	9	26	7	8	15	5
2012	중랑구	신내1동	396	41	83	49	192	97	27	59	24	29	20	23	25	28	30	38	14	4	17	13
2012	중랑구	신내2동	127	103	28	40	102	31	30	57	35	21	16	61	24	4	30	5	3	4	17	7
2012	중랑구	면목본동	378	92	174	112	164	136	29	90	69	62	14	43	52	44	31	7	47	43	41	14
2012	중랑구	면목3.8동	444	157	244	82	165	97	80	99	75	66	13	22	25	82	38	20	60	29	23	26
2012	중랑구	망우본동	538	167	134	72	227	123	61	104	80	82	32	77	45	57	39	36	66	40	89	21
2012	성북구	소계	4,838	1,195	1,769	1,144	1,519	1,600	1,004	1,224	936	957	494	594	532	364	400	343	449	335	370	225
2012	성북구	돈암1동	50	4	9	23	39	27	7	11	13	21	11	2	13	1	3	1	2	2	11	-
2012	성북구	돈암2동	22	6	1	32	23	65	3	20	16	9	-	15	14	-	3	7	-	2	6	-
2012	성북구	안암동	587	24	336	122	40	66	240	76	115	187	72	42	26	43	40	9	70	-	2	46
2012	성북구	보문동	170	106	56	49	72	69	12	38	28	30	29	23	19	14	10	30	16	23	13	8
2012	성북구	정릉1동	121	6	41	39	71	63	6	27	14	24	11	38	20	5	20	10	17	6	9	2
2012	성북구	정릉2동	121	25	28	40	90	95	14	29	30	13	17	19	28	11	18	24	29	7	18	5
2012	성북구	정릉3동	157	9	40	18	50	50	35	30	19	44	19	9	7	6	20	16	8	3	24	12
2012	성북구	정릉4동	148	30	37	52	52	90	21	46	32	34	17	24	33	7	20	4	33	13	13	10
2012	성북구	길음1동	128	60	117	68	55	129	34	74	65	13	11	52	25	7	19	1	26	46	34	8
2012	성북구	길음2동	198	218	36	48	55	32	28	73	49	22	30	26	22	4	9	9	9	5	8	2
2012	성북구	월곡1동	242	39	82	50	151	94	34	68	42	18	36	30	30	27	35	24	13	21	16	5
2012	성북구	월곡2동	304	75	106	54	69	73	81	64	56	44	30	39	29	50	16	30	31	18	32	20
2012	성북구	장위1동	104	29	52	40	141	65	3	62	23	18	9	10	29	12	8	11	14	13	14	7
2012	성북구	장위2동	220	62	103	62	78	81	7	45	39	18	26	7	23	18	21	26	20	50	38	12
2012	성북구	장위3동	215	37	56	32	78	99	3	40	24	30	10	21	27	13	9	16	7	18	15	11
2012	성북구	성북동	318	46	14	67	36	64	104	38	42	58	27	114	32	2	4	31	13	9	9	1
2012	성북구	삼선동	417	83	128	72	68	138	70	71	79	78	30	18	25	26	31	19	19	39	36	22
2012	성북구	동선동	492	218	287	85	26	67	220	236	119	109	47	58	21	63	56	9	43	7	7	20
2012	성북구	종암동	372	62	88	100	137	115	55	99	68	112	27	29	57	28	41	31	40	35	30	15
2012	성북구	석관동	452	56	152	91	188	118	27	77	63	75	35	18	52	27	17	35	39	18	35	19
2012	강북구	소계	4,295	861	1,879	856	1,503	1,175	526	886	458	638	345	323	415	482	242	264	348	289	310	140
2012	강북구	번1동	420	50	190	77	65	80	73	104	51	82	53	33	25	50	18	21	25	12	13	11
2012	강북구	번2동	86	2	12	23	100	44	4	28	5	12	6	4	21	8	9	20	16	1	10	8
2012	강북구	번3동	70	9	37	21	66	69	14	31	14	12	21	16	18	8	17	21	20	6	14	6
2012	강북구	수유1동	262	126	79	56	102	113	13	46	40	42	23	9	24	13	8	15	24	71	50	13
2012	강북구	수유2동	240	28	80	53	81	80	7	53	34	47	18	20	32	25	24	22	16	8	20	9
2012	강북구	수유3동	788	184	527	105	65	89	113	106	46	96	36	45	35	179	15	28	73	49	36	27
2012	강북구	삼양동	125	37	56	61	118	118	9	63	29	24	21	24	26	16	21	4	32	13	24	7
2012	강북구	미아동	397	83	145	110	409	67	69	113	46	69	26	30	35	39	17	14	33	22	19	17
2012	강북구	송중동	597	115	328	95	117	111	92	103	44	68	59	67	43	60	27	34	47	32	29	16
2012	강북구	송천동	447	79	201	119	95	135	33	119	50	76	33	28	39	29	47	48	14	24	29	10
2012	강북구	삼각산동	120	30	45	50	71	101	20	35	33	8	7	20	23	5	19	-	15	12	17	2
2012	강북구	우이동	531	77	110	28	60	58	32	29	32	45	23	11	27	29	11	14	16	10	18	10
2012	강북구	인수동	212	41	69	58	154	110	47	56	34	57	19	16	67	21	9	23	17	29	31	4
2012	도봉구	소계	2,855	647	898	722	1,269	1,030	368	696	484	531	272	349	322	289	290	338	274	194	234	127
2012	도봉구	쌍문1동	64	15	29	31	100	92	32	31	38	38	17	9	21	6	8	18	8	12	22	6
2012	도봉구	쌍문2동	198	62	54	36	83	82	32	58	27	37	18	12	21	17	25	10	20	2	12	14
2012	도봉구	쌍문3동	130	60	36	47	58	64	35	39	17	36	12	23	16	9	20	19	16	13	22	3
2012	도봉구	쌍문4동	33	38	27	25	43	60	7	35	37	20	7	11	22	2	19	7	6	3	14	1
2012	도봉구	방학1동	551	134	212	121	84	69	56	109	73	70	49	61	42	73	49	91	78	20	23	26
2012	도봉구	방학2동	137	57	71	43	128	89	7	50	48	33	16	30	21	14	21	15	6	48	43	8
2012	도봉구	방학3동	126	9	22	23	114	69	12	27	18	25	9	14	19	8	14	14	-	9	3	6
2012	도봉구	창1동	160	35	46	65	90	62	20	45	21	21	10	16	22	16	13	12	10	8	9	7
2012	도봉구	창2동	141	42	39	56	124	132	21	57	28	40	24	9	37	8	23	20	36	18	16	10
2012	도봉구	창3동	135	29	58	35	84	39	4	41	29	24	13	14	16	16	10	21	8	14	21	7
2012	도봉구	창4동	233	44	93	59	45	39	24	31	44	56	14	67	18	32	18	16	29	4	3	10
2012	도봉구	창5동	343	59	56	58	97	32	61	75	46	40	35	45	24	25	28	57	35	9	11	11
2012	도봉구	도봉1동	422	43	92	71	101	99	30	48	31	58	23	16	22	49	23	20	13	22	18	12
2012	도봉구	도봉2동	182	20	63	52	118	102	27	50	27	33	25	22	21	14	19	18	9	12	17	6
2012	노원구	소계	4,767	1,165	1,286	1,021	1,972	1,568	844	1,281	871	866	489	822	482	452	629	371	402	198	267	191
2012	노원구	월계1동	332	20	116	44	140	69	60	47	77	43	15	22	23	39	36	31	62	11	17	22
2012	노원구	월계2동	92	17	29	29	141	71	18	39	44	44	20	22	30	8	26	3	11	6	14	6
2012	노원구	월계3동	87	64	14	47	157	58	9	47	28	14	7	23	24	2	31	17	11	5	11	-
2012	노원구	공릉2동	279	26	73	75	173	117	90	70	67	100	19	46	36	32	59	11	30	2	17	20
2012	노원구	하계1동	242	11	29	36	67	35	43	35	25	58	34	16	15	3	21	45	2	3	5	4
2012	노원구	하계2동	23	-	3	21	44	37	-	26	10	7	3	14	9	-	23	-	11	5	2	-
2012	노원구	중계본동	121	30	50	61	62	82	44	39	62	60	55	30	27	12	35	8	15	8	19	6
2012	노원구	중계1동	89	9	21	54	60	63	37	73	52	44	9	67	28	6	19	28	8	7	15	-
2012	노원구	중계4동	317	57	52	31	68	75	33	55	34	32	15	35	16	39	44	17	19	8	8	13
2012	노원구	상계1동	661	32	116	88	159	155	63	89	40	78	35	47	50	42	39	51	28	5	32	12
2012	노원구	상계2동	820	304	419	89	84	158	185	251	111	55	56	142	33	125	66	37	51	12	29	35
2012	노원구	상계5동	138	45	46	66	99	56	21	65	33	31	12	27	26	18	40	27	34	19	10	10
2012	노원구	상계8동	44	37	10	22	45	47	6	33	29	21	13	40	14	6	13	-	7	5	5	-
2012	노원구	상계9동	49	28	14	29	82	75	-	29	32	26	4	14	17	5	10	-	10	11	3	2
2012	노원구	상계10동	22	17	7	19	41	29	8	26	4	17	3	5	10	5	14	2	4	-	-	3
2012	노원구	상계3.4동	255	42	72	77	180	142	25	61	28	36	29	15	34	27	40	28	23	28	23	15
2012	노원구	상계6.7동	383	94	78	98	73	87	68	99	75	97	50	94	24	31	39	6	31	22	12	10
2012	노원구	중계2.3동	188	239	28	45	122	99	79	94	58	24	50	113	28	8	36	4	7	12	13	5
2012	노원구	공릉1동	625	93	109	90	175	113	55	103	62	79	60	50	38	44	38	56	38	29	32	28
2012	은평구	소계	4,705	1,674	1,510	1,276	1,587	1,620	581	1,238	758	770	418	523	521	405	517	284	377	402	409	175
2012	은평구	녹번동	446	13	96	93	88	96	28	67	37	74	40	15	30	19	24	42	41	5	19	19
2012	은평구	불광1동	315	127	90	127	93	182	46	107	71	60	30	47	41	37	48	5	24	22	16	9
2012	은평구	갈현1동	392	59	296	61	90	112	49	78	49	48	46	53	31	77	46	12	42	18	32	17
2012	은평구	갈현2동	431	126	162	66	69	108	91	87	69	62	21	35	26	39	43	15	41	21	26	19
2012	은평구	구산동	74	40	24	57	130	78	12	61	30	36	11	30	24	5	18	17	2	7	15	1
2012	은평구	대조동	724	680	125	137	89	118	116	173	115	84	46	55	41	35	39	20	34	102	42	12
2012	은평구	응암1동	401	156	86	89	133	73	72	91	55	77	42	59	37	22	38	8	23	18	21	12
2012	은평구	응암2동	88	29	31	64	30	66	6	49	31	11	13	2	28	13	22	23	14	11	23	4
2012	은평구	신사1동	199	47	51	66	117	80	23	69	28	44	29	8	28	24	32	14	28	22	30	16
2012	은평구	신사2동	63	11	12	51	108	49	6	39	31	25	10	18	28	1	16	10	1	6	15	1
2012	은평구	증산동	183	47	52	56	93	55	16	47	38	48	38	28	24	14	25	6	15	15	18	15
2012	은평구	수색동	138	31	57	30	93	85	23	38	23	6	12	23	20	11	15	11	10	16	15	5
2012	은평구	진관동	245	26	17	83	75	101	20	52	30	42	12	57	44	1	28	1	4	25	20	2
2012	은평구	불광2동	249	67	63	71	92	111	15	73	44	28	23	11	28	10	22	16	15	48	42	5
2012	은평구	응암3동	387	140	192	67	100	152	18	79	46	38	19	33	30	64	45	26	32	41	43	19
2012	은평구	역촌동	370	75	156	158	187	154	40	128	61	87	26	49	61	33	56	58	51	25	32	19
2012	서대문구	소계	4,010	1,045	1,663	772	990	1,101	1,522	1,200	829	737	477	548	348	281	324	184	313	241	206	156
2012	서대문구	천연동	131	36	42	43	39	74	26	30	39	33	10	18	21	10	13	6	7	11	37	8
2012	서대문구	홍제1동	192	45	60	54	118	105	58	56	51	21	13	33	28	17	30	7	16	7	12	5
2012	서대문구	홍제3동	207	80	53	42	75	48	17	35	35	35	20	20	23	19	20	16	13	105	31	11
2012	서대문구	홍제2동	73	31	36	31	23	21	5	26	18	3	14	26	14	11	18	-	11	1	8	5
2012	서대문구	홍은1동	101	38	30	39	76	87	14	37	30	14	22	26	23	3	13	10	15	15	15	7
2012	서대문구	홍은2동	235	20	65	39	92	97	52	36	42	62	21	22	29	5	17	18	34	-	6	9
2012	서대문구	남가좌1동	112	62	43	10	15	21	8	8	16	2	1	2	2	4	1	-	-	37	17	4
2012	서대문구	남가좌2동	231	46	102	64	84	98	78	88	78	44	35	27	33	23	50	32	43	12	24	18
2012	서대문구	북가좌1동	16	13	4	31	70	33	10	16	6	5	-	-	11	1	4	10	1	2	2	1
2012	서대문구	북가좌2동	243	22	90	106	136	158	26	69	46	37	27	34	46	22	37	27	42	8	19	14
2012	서대문구	충현동	502	13	106	57	74	59	132	34	73	65	45	14	22	23	11	8	11	2	3	20
2012	서대문구	북아현동	85	16	19	33	37	50	7	7	13	11	7	6	10	5	8	4	-	10	8	5
2012	서대문구	신촌동	1,533	563	951	150	20	124	949	698	318	302	157	251	36	125	67	3	98	8	8	38
2012	서대문구	연희동	349	60	62	73	131	126	140	60	64	103	105	69	50	13	35	43	22	23	16	11
2012	마포구	소계	7,517	1,657	2,932	1,519	1,067	1,338	2,723	1,398	1,025	1,275	771	659	483	401	631	333	328	302	245	205
2012	마포구	용강동	792	47	117	130	37	67	93	56	44	81	50	18	35	30	20	38	22	1	8	13
2012	마포구	대흥동	355	14	85	96	27	68	119	37	86	68	53	16	21	21	33	9	31	8	5	12
2012	마포구	염리동	122	14	16	33	44	55	18	34	29	30	16	3	23	10	25	17	-	19	16	2
2012	마포구	신수동	165	17	22	57	62	92	21	28	27	32	31	15	23	3	33	22	10	10	21	4
2012	마포구	서교동	2,294	978	1,848	262	64	256	1,485	636	309	373	209	244	29	180	134	27	73	9	16	73
2012	마포구	합정동	312	46	106	77	74	67	135	57	24	59	20	12	20	17	32	54	8	6	8	7
2012	마포구	망원1동	228	56	65	68	100	50	18	60	64	38	33	21	39	21	40	14	24	38	22	18
2012	마포구	망원2동	189	47	60	53	86	35	24	48	22	27	9	10	18	27	24	10	9	25	24	12
2012	마포구	연남동	220	20	65	73	56	50	64	35	19	38	47	16	24	12	6	20	3	8	11	7
2012	마포구	성산1동	195	53	31	56	72	50	35	22	25	48	25	41	34	14	21	31	21	-	10	6
2012	마포구	성산2동	249	209	38	72	117	138	54	59	53	91	30	41	48	8	39	22	22	79	19	8
2012	마포구	상암동	708	14	64	69	102	88	214	41	87	107	80	49	35	5	68	11	6	7	12	10
2012	마포구	도화동	491	40	127	83	34	62	92	79	58	44	46	27	42	25	42	8	16	25	11	8
2012	마포구	서강동	313	32	93	90	52	69	196	55	58	105	45	50	29	6	60	30	35	5	6	2
2012	마포구	공덕동	544	32	132	169	91	102	74	88	84	87	48	39	45	19	40	12	32	34	36	22
2012	마포구	아현동	340	38	63	131	49	89	81	63	36	47	29	57	18	3	14	8	16	28	20	1
2012	양천구	소계	4,556	1,252	1,178	1,300	1,784	1,480	808	1,271	806	727	470	588	505	409	461	384	366	320	338	181
2012	양천구	목1동	897	300	176	153	36	87	313	194	137	114	165	141	38	45	62	29	28	5	6	18
2012	양천구	목2동	168	40	46	106	96	90	21	82	32	44	18	12	33	24	21	19	26	10	10	14
2012	양천구	목3동	192	72	72	64	71	55	28	80	42	29	21	28	34	32	20	12	26	24	31	13
2012	양천구	목4동	249	45	108	77	53	68	25	72	51	46	20	31	38	25	32	14	22	25	31	6
2012	양천구	신월1동	286	82	111	78	158	99	14	69	35	43	13	12	23	30	26	38	24	48	50	14
2012	양천구	신월2동	134	16	28	49	127	75	9	35	17	15	8	16	25	10	16	25	14	12	23	8
2012	양천구	신월3동	123	26	23	18	164	71	6	34	34	35	6	13	17	5	16	34	6	13	21	5
2012	양천구	신월4동	180	22	49	43	132	35	24	63	26	33	21	13	17	23	31	18	12	12	11	8
2012	양천구	신월5동	182	40	43	40	103	54	11	37	14	42	15	8	14	19	16	33	19	5	7	9
2012	양천구	신월6동	122	37	39	29	70	59	4	24	19	6	16	6	23	15	4	2	3	18	14	6
2012	양천구	신월7동	171	25	30	50	191	100	10	51	42	27	18	42	24	26	41	21	25	7	21	17
2012	양천구	신정1동	258	43	105	54	33	71	51	45	32	30	15	28	20	25	21	34	9	10	16	6
2012	양천구	신정2동	244	41	42	70	78	74	33	66	39	25	20	26	24	13	27	35	8	43	18	10
2012	양천구	신정3동	241	60	82	72	206	132	35	75	51	37	20	41	42	22	35	10	34	24	26	11
2012	양천구	신정6동	101	20	9	73	17	59	14	41	31	26	10	28	21	-	7	1	3	7	10	-
2012	양천구	신정7동	144	26	22	51	89	79	21	59	40	24	21	41	19	11	21	11	32	15	10	9
2012	양천구	목5동	250	49	41	149	14	125	85	98	100	62	33	73	51	5	19	1	18	23	12	6
2012	양천구	신정4동	614	308	152	124	146	147	104	146	64	89	30	29	42	79	46	47	57	19	21	21
2012	강서구	소계	6,238	1,851	1,567	1,352	2,199	1,499	1,045	1,301	843	1,091	541	685	621	591	532	780	476	255	369	227
2012	강서구	염창동	430	37	98	95	140	102	71	70	66	77	27	50	36	25	33	89	40	5	15	10
2012	강서구	등촌1동	411	123	61	90	77	40	48	51	49	78	21	32	40	26	41	133	19	3	7	10
2012	강서구	등촌2동	76	13	37	33	58	31	17	24	26	12	8	11	21	6	17	9	14	2	7	4
2012	강서구	등촌3동	614	27	86	71	130	105	143	79	61	71	65	44	31	33	42	64	24	7	21	16
2012	강서구	화곡본동	261	46	82	72	115	112	26	58	55	52	15	10	40	22	32	15	32	19	30	11
2012	강서구	화곡2동	47	20	17	27	87	60	6	40	12	16	9	10	18	5	6	13	12	3	3	4
2012	강서구	화곡3동	276	42	82	74	76	59	59	78	51	59	3	37	23	34	35	7	39	10	9	28
2012	강서구	화곡4동	309	95	113	55	115	72	19	77	49	33	17	13	46	57	29	18	25	41	50	13
2012	강서구	화곡6동	616	39	277	74	73	91	112	86	50	97	51	14	30	73	30	27	22	6	12	24
2012	강서구	화곡8동	197	69	37	96	104	45	34	66	42	26	11	23	26	23	22	4	27	27	35	7
2012	강서구	가양1동	280	10	17	39	79	36	17	26	18	30	29	13	17	25	17	110	5	5	6	4
2012	강서구	가양2동	56	81	19	36	59	30	23	40	16	34	7	19	11	4	27	2	15	5	6	9
2012	강서구	가양3동	63	59	6	20	73	33	24	29	11	7	11	7	16	-	7	8	-	2	6	-
2012	강서구	발산1동	224	68	42	83	166	127	67	122	81	36	21	78	32	12	32	46	21	43	47	7
2012	강서구	공항동	551	72	163	57	112	76	59	66	67	77	37	40	27	38	16	43	17	4	11	17
2012	강서구	방화1동	355	81	76	75	179	79	43	86	37	65	32	46	61	43	37	45	20	47	33	17
2012	강서구	방화2동	451	786	76	59	134	150	162	57	47	105	91	119	25	36	21	55	31	6	20	10
2012	강서구	방화3동	109	15	18	34	103	24	18	41	22	28	9	28	25	5	19	2	3	3	1	7
2012	강서구	화곡1동	615	117	216	149	215	154	57	123	59	143	52	40	67	99	44	53	72	11	34	24
2012	강서구	우장산동	297	51	44	113	104	73	40	82	24	45	25	51	29	25	25	37	38	6	16	5
2012	구로구	소계	5,334	1,859	1,464	1,274	1,717	1,397	1,003	1,011	882	760	758	550	457	482	443	307	366	249	327	189
2012	구로구	신도림동	527	386	57	96	86	96	198	101	85	95	68	92	32	24	68	23	13	9	15	13
2012	구로구	구로1동	40	15	36	40	76	38	10	41	25	22	13	19	22	2	20	17	14	-	12	5
2012	구로구	구로3동	1,229	101	311	177	48	101	300	80	191	182	142	55	30	70	60	8	36	1	4	30
2012	구로구	구로4동	327	138	153	94	64	122	51	92	68	27	77	15	25	44	24	9	50	70	40	14
2012	구로구	구로5동	649	626	148	286	123	75	149	105	102	101	68	104	48	51	35	18	21	7	19	20
2012	구로구	고척1동	436	215	131	52	121	87	53	55	55	26	31	29	30	33	14	14	24	15	27	25
2012	구로구	고척2동	220	72	51	56	140	90	26	61	43	32	14	18	36	20	21	41	29	27	28	6
2012	구로구	개봉2동	144	40	66	43	139	51	21	75	44	6	10	14	31	17	24	8	11	21	23	7
2012	구로구	개봉3동	159	28	45	46	134	67	9	50	20	19	20	17	19	13	21	25	19	2	26	6
2012	구로구	오류1동	220	50	99	64	63	93	25	58	42	64	19	38	21	25	23	8	15	22	22	10
2012	구로구	오류2동	162	22	24	65	182	84	13	50	39	41	22	34	33	10	31	13	22	16	15	3
2012	구로구	수궁동	158	7	29	53	159	53	13	34	26	58	23	34	23	12	18	19	21	10	20	10
2012	구로구	가리봉동	156	24	99	27	40	109	39	34	29	24	116	3	19	80	6	18	25	20	15	3
2012	구로구	구로2동	652	64	139	123	173	162	70	99	78	38	109	44	41	50	41	64	38	25	24	22
2012	구로구	개봉1동	255	71	76	52	169	169	26	76	35	25	26	34	47	31	37	22	28	4	37	15
2012	금천구	소계	4,070	3,043	924	740	1,317	843	643	589	640	550	521	280	277	287	265	385	245	222	421	172
2012	금천구	가산동	1,688	2,429	228	259	311	139	421	65	274	274	224	86	23	56	84	68	30	10	23	57
2012	금천구	독산1동	549	146	95	71	127	112	62	72	48	58	51	35	51	33	22	162	26	7	189	24
2012	금천구	독산2동	226	30	67	56	85	71	13	51	32	24	21	11	24	17	15	24	37	15	19	6
2012	금천구	독산3동	318	85	120	79	119	128	19	77	61	42	76	18	38	43	21	22	31	45	41	15
2012	금천구	독산4동	216	12	91	37	78	42	14	49	26	35	18	21	22	30	17	16	33	5	21	16
2012	금천구	시흥1동	638	269	200	88	158	125	75	121	96	49	81	67	43	68	52	44	34	82	57	29
2012	금천구	시흥2동	23	6	10	28	95	20	7	27	14	10	2	6	19	-	14	6	2	2	7	-
2012	금천구	시흥3동	182	9	23	40	129	38	9	16	19	19	15	15	11	6	4	30	6	9	15	7
2012	금천구	시흥4동	67	25	39	30	117	42	11	46	29	15	13	6	19	11	11	4	8	16	18	7
2012	금천구	시흥5동	163	32	51	52	98	126	12	65	41	24	20	15	27	23	25	9	38	31	31	11
2012	영등포구	소계	9,330	1,999	2,269	1,351	2,561	1,683	1,954	1,096	1,090	1,147	1,338	679	488	563	431	524	384	307	324	246
2012	영등포구	여의도동	3,146	447	535	259	36	292	926	184	347	306	360	167	43	26	94	18	19	23	9	41
2012	영등포구	당산1동	636	28	218	102	186	105	106	57	54	65	46	19	30	70	33	37	36	1	12	17
2012	영등포구	당산2동	569	95	115	106	67	64	88	83	77	96	33	42	48	25	27	11	29	6	17	15
2012	영등포구	양평1동	390	16	54	70	1,201	73	34	27	38	52	55	27	31	6	14	52	4	9	19	4
2012	영등포구	양평2동	436	18	74	64	88	63	72	32	47	95	43	23	28	21	18	87	14	8	21	16
2012	영등포구	신길1동	217	64	79	47	76	102	16	62	38	32	38	43	35	31	13	9	40	21	23	15
2012	영등포구	신길3동	128	71	56	36	104	108	11	39	32	24	19	11	20	14	14	16	22	19	17	15
2012	영등포구	신길4동	69	12	42	33	54	53	-	27	12	6	15	3	16	14	9	4	5	3	10	4
2012	영등포구	신길5동	101	16	54	18	69	40	14	25	9	14	26	15	16	13	6	21	9	4	2	4
2012	영등포구	신길6동	173	30	59	67	61	58	21	40	22	6	22	9	37	19	11	34	12	10	12	5
2012	영등포구	신길7동	128	13	29	17	37	23	28	17	18	23	9	14	8	7	9	15	10	4	9	4
2012	영등포구	대림1동	238	42	104	46	57	82	14	48	32	29	24	24	13	33	22	12	16	35	23	10
2012	영등포구	대림2동	154	69	118	70	46	80	27	69	29	23	264	13	21	47	9	4	31	32	32	4
2012	영등포구	대림3동	361	22	146	86	161	104	37	66	35	32	75	24	36	67	31	55	30	15	18	26
2012	영등포구	영등포본동	270	188	48	55	48	87	64	64	55	66	52	65	23	25	22	12	29	20	18	7
2012	영등포구	영등포동	1,550	746	410	126	105	179	359	154	139	161	156	130	34	103	40	67	39	85	57	39
2012	영등포구	도림동	124	7	45	53	93	73	8	34	18	15	28	11	27	20	19	30	18	2	7	4
2012	영등포구	문래동	640	115	83	96	72	97	129	68	88	102	73	39	22	22	40	40	21	10	18	16
2012	동작구	소계	4,060	837	1,306	1,204	1,041	1,378	931	1,020	750	746	509	508	471	302	418	255	485	326	308	182
2012	동작구	노량진2동	180	51	87	84	40	98	51	42	73	49	54	7	24	21	16	-	34	11	28	9
2012	동작구	상도1동	331	52	104	112	98	112	108	104	56	76	45	62	41	24	48	66	53	39	26	36
2012	동작구	상도2동	248	101	44	101	60	85	12	66	54	42	13	39	27	20	27	24	33	17	16	5
2012	동작구	상도3동	139	82	32	51	67	89	9	65	35	30	21	41	27	24	29	1	26	28	37	7
2012	동작구	상도4동	113	44	30	51	108	74	11	52	21	16	10	8	23	9	17	4	23	17	27	3
2012	동작구	사당1동	470	100	141	184	98	143	87	87	33	77	19	37	36	44	20	28	45	16	12	16
2012	동작구	사당3동	156	27	51	46	82	68	23	40	20	21	20	15	27	8	25	24	3	8	10	5
2012	동작구	사당4동	64	41	16	34	71	37	6	45	27	18	6	20	27	10	25	2	25	25	24	4
2012	동작구	사당5동	56	7	9	24	37	32	5	29	10	10	8	1	11	5	17	9	2	6	10	4
2012	동작구	대방동	283	46	102	74	77	129	55	76	32	75	49	39	57	14	26	47	21	15	12	10
2012	동작구	신대방1동	199	45	41	58	59	100	15	64	32	29	35	17	33	15	24	9	14	12	17	3
2012	동작구	신대방2동	376	24	59	56	45	42	100	48	69	85	52	51	28	21	23	18	22	5	6	13
2012	동작구	흑석동	436	65	180	125	72	124	124	95	71	71	50	54	39	13	39	9	39	34	16	28
2012	동작구	노량진1동	589	70	150	99	71	167	198	78	155	85	74	55	37	27	56	8	103	15	17	25
2012	동작구	사당2동	420	82	260	105	56	78	127	129	62	62	53	62	34	47	26	6	42	78	50	14
2012	관악구	소계	6,016	1,472	2,394	1,540	1,665	1,620	1,191	1,371	994	1,108	519	540	628	626	639	318	806	397	434	238
2012	관악구	보라매동	295	290	80	51	76	98	38	65	40	30	23	36	27	22	17	4	21	12	16	5
2012	관악구	청림동	35	7	18	28	24	27	5	27	13	-	13	3	14	6	6	1	12	12	13	2
2012	관악구	행운동	250	99	88	124	62	68	62	124	45	55	20	41	35	25	42	6	28	31	21	11
2012	관악구	낙성대동	530	28	267	85	37	98	121	83	82	87	45	45	22	38	44	21	31	12	18	18
2012	관악구	중앙동	217	32	45	65	40	65	43	54	32	54	14	26	20	13	36	13	15	-	11	4
2012	관악구	인헌동	182	58	55	77	67	73	36	72	67	66	21	13	39	28	37	5	20	38	26	7
2012	관악구	남현동	300	23	171	40	40	48	57	22	37	54	7	29	19	28	33	20	23	12	7	5
2012	관악구	서원동	592	161	454	78	45	53	184	106	66	68	37	55	16	70	44	10	50	2	7	22
2012	관악구	신원동	136	37	46	45	36	59	10	51	55	16	16	9	25	13	17	3	26	51	32	3
2012	관악구	서림동	205	23	33	52	53	80	42	37	26	28	22	14	28	11	33	14	38	4	16	5
2012	관악구	신사동	269	61	75	86	80	102	42	78	51	72	38	24	69	34	22	34	34	31	25	9
2012	관악구	신림동	707	133	365	210	29	86	79	106	64	147	28	9	35	132	31	8	86	10	20	35
2012	관악구	난향동	29	4	6	21	50	47	4	21	15	12	6	17	12	1	12	-	13	4	9	2
2012	관악구	조원동	432	66	142	88	352	87	45	74	37	31	51	25	25	64	37	44	54	24	24	21
2012	관악구	대학동	521	16	160	62	43	101	207	62	128	137	60	50	33	41	71	-	198	15	8	34
2012	관악구	은천동	319	32	109	98	106	95	44	73	46	51	31	39	29	25	26	61	31	22	41	10
2012	관악구	성현동	52	16	28	48	74	36	3	43	22	14	22	18	25	5	17	10	26	14	11	3
2012	관악구	청룡동	516	203	129	146	70	144	129	118	71	107	20	37	58	32	40	7	42	26	37	20
2012	관악구	난곡동	64	32	36	40	97	83	8	51	51	32	10	24	33	10	21	16	47	16	18	9
2012	관악구	삼성동	109	54	36	44	123	89	4	47	20	12	21	6	33	7	9	9	2	37	35	3
2012	관악구	미성동	256	97	51	52	161	81	28	57	26	35	14	20	31	21	44	32	9	24	39	10
2012	서초구	소계	10,800	2,638	2,207	2,823	585	1,320	2,678	1,515	1,380	1,353	1,266	1,292	548	531	564	698	321	157	206	240
2012	서초구	서초1동	733	40	101	168	19	106	196	64	77	102	54	45	31	23	25	117	18	-	7	14
2012	서초구	서초2동	1,225	73	114	328	14	111	309	133	136	142	145	139	34	18	66	4	20	9	5	21
2012	서초구	서초3동	1,998	90	294	438	27	106	379	134	156	209	153	104	58	94	57	36	40	2	21	38
2012	서초구	서초4동	966	226	417	335	3	124	324	209	118	145	162	241	31	52	72	5	28	7	13	19
2012	서초구	잠원동	643	94	140	214	26	104	126	75	72	75	104	59	46	58	37	9	10	6	11	17
2012	서초구	반포본동	66	97	30	38	-	45	31	33	32	10	39	42	14	2	16	7	3	19	13	1
2012	서초구	반포1동	370	115	128	193	14	116	116	129	76	80	34	43	43	20	39	18	41	3	6	7
2012	서초구	반포2동	41	16	5	69	7	50	8	41	28	26	11	49	13	-	-	1	-	13	8	-
2012	서초구	반포3동	139	49	9	96	5	27	33	65	19	7	26	21	9	7	29	22	10	-	8	4
2012	서초구	반포4동	937	1,079	231	84	7	83	344	152	241	163	97	252	23	20	28	14	23	26	6	10
2012	서초구	방배본동	345	48	80	80	105	69	135	63	51	46	52	50	27	32	14	30	15	16	8	11
2012	서초구	방배1동	366	42	107	97	30	78	118	94	64	38	48	26	32	44	37	22	29	18	20	18
2012	서초구	방배2동	499	38	165	118	64	49	90	47	37	44	37	33	26	33	26	28	22	5	15	15
2012	서초구	방배3동	146	91	16	70	43	43	34	30	26	52	35	37	35	-	4	86	2	2	8	2
2012	서초구	방배4동	353	59	50	164	49	47	74	79	66	54	82	32	32	13	37	61	8	19	13	10
2012	서초구	양재1동	718	93	180	123	65	63	180	101	77	77	96	65	44	41	31	64	22	4	20	24
2012	서초구	양재2동	1,118	388	139	198	80	76	170	65	104	78	91	54	47	74	46	174	30	8	24	29
2012	서초구	내곡동	137	-	1	10	27	23	11	1	-	5	-	-	3	-	-	-	-	-	-	-
2012	강남구	소계	18,463	6,575	3,184	7,098	806	2,007	5,455	4,887	2,195	2,347	2,046	1,645	861	635	835	714	553	214	291	353
2012	강남구	신사동	1,043	1,148	213	220	21	101	676	313	139	114	147	178	24	49	53	15	31	11	10	18
2012	강남구	논현1동	1,485	285	377	540	25	108	450	295	149	196	137	45	74	81	66	25	58	24	31	30
2012	강남구	논현2동	1,709	670	272	362	18	130	376	219	165	194	153	97	63	50	50	40	34	8	18	33
2012	강남구	삼성1동	1,572	621	187	514	49	101	476	113	146	104	306	119	27	33	19	44	17	6	4	25
2012	강남구	삼성2동	744	75	91	562	164	132	189	115	121	175	71	97	58	22	51	47	18	13	28	15
2012	강남구	대치1동	253	44	26	94	5	51	71	185	27	38	25	91	21	13	36	5	32	19	10	5
2012	강남구	대치4동	1,122	160	208	604	23	65	270	213	167	168	106	108	48	45	69	41	64	10	4	25
2012	강남구	역삼1동	4,135	1,010	751	1,631	24	184	1,213	571	390	467	359	229	110	152	147	51	139	2	8	84
2012	강남구	역삼2동	707	120	69	565	22	111	216	53	138	145	137	54	48	19	36	30	26	12	18	15
2012	강남구	도곡1동	408	89	47	138	28	54	83	84	59	86	21	29	23	6	18	56	3	3	14	7
2012	강남구	도곡2동	529	61	109	176	6	133	153	78	60	64	110	80	32	17	17	35	4	3	3	13
2012	강남구	개포1동	13	13	-	50	71	38	5	19	5	5	6	2	18	-	4	1	-	7	2	-
2012	강남구	개포4동	265	68	45	101	67	82	70	46	36	47	43	17	38	19	29	107	20	9	8	12
2012	강남구	일원본동	130	6	5	46	40	54	75	33	23	41	2	14	20	-	6	2	-	12	8	-
2012	강남구	일원1동	266	24	65	31	24	44	23	37	34	30	27	11	10	31	24	28	53	8	9	18
2012	강남구	일원2동	82	9	12	36	21	65	8	20	22	10	17	25	17	-	6	-	4	2	5	1
2012	강남구	수서동	314	9	48	70	35	66	56	41	39	25	23	29	73	6	26	2	6	-	4	5
2012	강남구	세곡동	92	2	4	19	60	28	1	6	4	10	10	-	6	2	4	17	-	-	13	-
2012	강남구	압구정동	1,274	1,244	284	162	4	103	451	991	159	137	92	211	33	38	47	29	18	13	13	13
2012	강남구	청담동	1,088	638	209	221	16	78	317	1,312	125	181	139	107	52	24	30	56	16	7	40	12
2012	강남구	대치2동	1,092	259	134	854	28	173	251	100	135	88	105	67	36	19	54	77	10	39	33	17
2012	강남구	개포2동	140	20	28	102	55	106	25	43	52	22	10	35	30	9	43	6	-	6	8	5
2012	송파구	소계	8,166	2,541	2,149	2,596	2,479	2,240	1,819	1,854	1,271	1,283	918	941	824	885	801	871	557	346	413	284
2012	송파구	풍납1동	121	26	34	33	70	39	16	33	22	10	8	8	25	12	7	5	17	22	15	3
2012	송파구	풍납2동	210	41	37	82	82	89	35	50	25	48	21	21	48	13	28	10	14	6	11	6
2012	송파구	거여1동	128	17	54	36	62	38	22	36	23	28	20	8	19	19	15	17	30	7	8	9
2012	송파구	거여2동	198	32	65	68	112	91	30	54	45	49	6	20	30	41	27	24	13	8	13	12
2012	송파구	마천1동	107	34	41	57	124	56	23	48	27	16	21	7	19	11	14	12	13	11	14	5
2012	송파구	마천2동	234	103	58	70	108	103	23	66	35	23	27	20	19	25	26	38	36	31	35	19
2012	송파구	방이1동	462	30	78	63	33	70	79	63	30	39	66	28	29	32	18	45	11	4	5	11
2012	송파구	방이2동	1,100	112	289	223	152	111	125	61	66	129	81	65	35	129	46	79	63	10	15	34
2012	송파구	오륜동	110	84	2	39	4	58	57	33	31	51	76	48	11	-	5	2	3	6	1	-
2012	송파구	오금동	436	73	104	83	140	150	116	82	59	71	42	32	69	27	51	126	37	3	46	13
2012	송파구	송파1동	413	42	132	155	398	86	124	78	56	62	31	37	43	65	23	24	35	7	16	19
2012	송파구	송파2동	79	58	21	47	31	44	31	72	51	29	15	19	17	1	23	10	6	5	13	1
2012	송파구	석촌동	660	113	171	176	88	144	129	98	110	98	58	14	75	109	86	50	29	31	29	29
2012	송파구	삼전동	367	36	117	156	78	97	74	120	88	72	35	56	47	39	53	79	54	21	25	19
2012	송파구	가락본동	731	187	222	139	72	97	142	83	93	121	66	55	41	144	55	45	34	14	16	28
2012	송파구	가락1동	181	1	2	45	41	184	5	1	13	6	2	5	5	-	-	7	-	4	-	-
2012	송파구	가락2동	293	53	78	84	82	162	49	105	58	37	29	43	38	35	31	98	27	11	19	14
2012	송파구	문정1동	189	297	32	105	69	52	49	68	40	47	24	22	29	21	32	65	19	8	12	7
2012	송파구	문정2동	212	250	9	138	16	29	113	90	33	23	39	52	16	4	65	21	6	8	20	4
2012	송파구	장지동	206	9	54	86	138	79	38	69	36	40	17	23	40	20	37	41	17	7	20	8
2012	송파구	잠실본동	1,130	119	495	204	58	127	223	215	125	141	64	111	58	134	105	66	79	63	32	37
2012	송파구	잠실4동	31	18	14	88	28	81	16	71	29	26	8	20	23	-	21	-	4	14	16	1
2012	송파구	잠실6동	339	145	26	76	463	49	156	64	44	27	57	46	20	4	17	4	9	7	7	5
2012	송파구	잠실7동	-	17	-	19	1	23	2	11	13	11	7	10	11	-	5	-	-	10	6	-
2012	송파구	잠실2동	54	66	3	180	16	98	45	80	46	23	2	53	28	-	8	-	-	16	8	-
2012	송파구	잠실3동	175	578	11	144	13	83	97	103	73	56	96	118	29	-	3	3	1	12	11	-
2012	강동구	소계	5,743	1,869	1,916	1,499	2,089	1,523	1,041	1,300	902	913	538	596	563	475	462	569	519	375	350	214
2012	강동구	강일동	65	5	12	26	109	60	14	31	25	44	17	36	24	5	28	11	7	3	1	3
2012	강동구	상일동	201	12	69	74	161	54	32	24	39	25	19	23	20	12	15	14	14	9	16	7
2012	강동구	명일1동	380	139	87	95	85	106	94	98	74	55	25	64	33	27	31	26	38	45	25	16
2012	강동구	명일2동	232	163	73	54	19	76	66	88	58	39	13	47	22	17	29	14	36	8	6	9
2012	강동구	고덕1동	74	2	21	40	96	28	2	23	11	10	9	7	15	5	12	6	9	6	6	3
2012	강동구	고덕2동	78	17	33	55	112	55	10	26	19	14	21	10	12	6	19	21	18	21	14	3
2012	강동구	암사2동	197	19	34	58	65	25	19	47	27	24	9	38	16	13	14	13	10	11	6	6
2012	강동구	암사3동	40	18	7	41	63	47	1	20	16	8	-	21	17	1	6	6	-	16	11	-
2012	강동구	천호1동	187	136	54	83	137	76	66	77	24	45	37	40	36	17	22	14	24	6	20	6
2012	강동구	천호3동	283	297	192	93	106	81	60	89	54	71	25	24	42	26	22	59	38	20	15	18
2012	강동구	성내1동	447	29	77	66	92	76	121	25	64	51	42	17	32	24	23	131	6	6	8	18
2012	강동구	성내2동	406	42	149	141	119	90	74	121	72	92	57	64	51	47	39	26	50	26	26	21
2012	강동구	성내3동	608	109	210	96	88	103	107	128	124	92	62	52	30	61	45	47	71	35	41	27
2012	강동구	둔촌1동	6	57	3	71	25	70	5	16	6	2	-	3	13	-	-	-	-	4	1	-
2012	강동구	둔촌2동	366	41	66	87	130	92	43	62	44	45	36	26	27	24	30	25	14	16	11	8
2012	강동구	암사1동	244	66	126	103	189	167	37	99	69	35	28	20	47	51	32	24	62	48	36	18
2012	강동구	천호2동	1,052	580	337	132	197	162	172	163	85	104	83	60	50	66	45	53	48	39	52	24
2012	강동구	길동	877	137	366	184	296	155	118	163	91	157	55	44	76	73	50	79	74	56	55	27