기간	자치구	동	장애등급별 장애인현황	장애등급별 장애인현황	장애등급별 장애인현황	장애등급별 장애인현황	장애등급별 장애인현황	장애등급별 장애인현황	장애등급별 장애인현황	장애등급별 장애인현황	장애등급별 장애인현황	장애등급별 장애인현황	장애등급별 장애인현황	장애등급별 장애인현황	장애등급별 장애인현황	장애등급별 장애인현황	장애등급별 장애인현황	장애등급별 장애인현황	장애등급별 장애인현황	장애등급별 장애인현황	장애등급별 장애인현황	장애등급별 장애인현황	장애등급별 장애인현황
기간	자치구	동	합계	합계	합계	1급	1급	1급	2급	2급	2급	3급	3급	3급	4급	4급	4급	5급	5급	5급	6급	6급	6급
기간	자치구	동	계	남자	여자	계	남자	여자	계	남자	여자	계	남자	여자	계	남자	여자	계	남자	여자	계	남자	여자
2012	합계	합계	407,528	237,538	169,990	34,851	20,767	14,084	55,775	32,735	23,040	67,501	41,789	25,712	62,213	31,162	31,051	85,870	45,337	40,533	101,318	65,748	35,570
2012	종로구	소계	6,905	4,020	2,885	619	354	265	925	558	367	1,113	698	415	1,186	567	619	1,486	773	713	1,576	1,070	506
2012	종로구	사직동	358	207	151	50	30	20	39	20	19	59	37	22	63	32	31	71	43	28	76	45	31
2012	종로구	삼청동	134	72	62	11	4	7	26	15	11	26	16	10	25	11	14	20	10	10	26	16	10
2012	종로구	부암동	367	201	166	40	20	20	57	33	24	64	37	27	59	22	37	63	28	35	84	61	23
2012	종로구	평창동	611	315	296	54	26	28	93	57	36	100	52	48	93	37	56	141	69	72	130	74	56
2012	종로구	무악동	326	202	124	33	22	11	48	29	19	48	34	14	58	35	23	66	37	29	73	45	28
2012	종로구	교남동	426	246	180	25	17	8	48	27	21	66	42	24	70	34	36	105	51	54	112	75	37
2012	종로구	가회동	204	113	91	19	14	5	44	21	23	31	21	10	36	15	21	38	19	19	36	23	13
2012	종로구	종로1.2.3.4가동	436	296	140	29	17	12	60	40	20	85	58	27	81	53	28	96	58	38	85	70	15
2012	종로구	종로5·6가동	310	200	110	25	15	10	38	28	10	47	32	15	62	34	28	68	42	26	70	49	21
2012	종로구	이화동	346	182	164	33	22	11	34	20	14	48	22	26	54	23	31	84	40	44	93	55	38
2012	종로구	창신1동	350	218	132	18	12	6	42	22	20	60	46	14	65	34	31	81	39	42	84	65	19
2012	종로구	창신2동	588	336	252	23	12	11	67	42	25	90	56	34	115	53	62	129	64	65	164	109	55
2012	종로구	창신3동	366	208	158	22	13	9	37	19	18	44	29	15	71	31	40	106	53	53	86	63	23
2012	종로구	숭인1동	314	185	129	11	7	4	42	23	19	58	42	16	55	24	31	77	44	33	71	45	26
2012	종로구	숭인2동	508	315	193	28	18	10	62	39	23	95	55	40	88	46	42	112	63	49	123	94	29
2012	종로구	청운효자동	630	349	281	146	77	69	83	47	36	94	59	35	91	37	54	97	47	50	119	82	37
2012	종로구	혜화동	631	375	256	52	28	24	105	76	29	98	60	38	100	46	54	132	66	66	144	99	45
2012	중구	소계	6,296	3,650	2,646	557	316	241	794	485	309	973	642	331	1,084	510	574	1,356	725	631	1,532	972	560
2012	중구	소공동	47	26	21	3	3	-	7	4	3	7	4	3	10	4	6	9	3	6	11	8	3
2012	중구	회현동	391	256	135	55	30	25	46	34	12	64	45	19	57	37	20	79	42	37	90	68	22
2012	중구	명동	142	83	59	19	8	11	22	15	7	17	11	6	18	8	10	30	13	17	36	28	8
2012	중구	필동	196	117	79	26	15	11	20	12	8	23	15	8	40	20	20	28	19	9	59	36	23
2012	중구	장충동	228	125	103	17	9	8	28	17	11	35	20	15	45	20	25	54	30	24	49	29	20
2012	중구	광희동	272	163	109	21	11	10	32	19	13	35	25	10	59	27	32	53	36	17	72	45	27
2012	중구	을지로동	118	84	34	7	2	5	10	6	4	28	24	4	22	14	8	22	16	6	29	22	7
2012	중구	신당1동	427	256	171	39	26	13	61	40	21	57	35	22	68	41	27	96	48	48	106	66	40
2012	중구	신당2동	733	415	318	56	37	19	79	43	36	120	77	43	126	59	67	178	94	84	174	105	69
2012	중구	신당3동	955	523	432	104	53	51	128	73	55	146	94	52	155	66	89	193	97	96	229	140	89
2012	중구	신당4동	684	377	307	58	33	25	97	60	37	100	66	34	118	45	73	155	75	80	156	98	58
2012	중구	신당5동	511	317	194	29	19	10	56	38	18	87	57	30	98	50	48	115	65	50	126	88	38
2012	중구	신당6동	448	243	205	39	21	18	67	42	25	71	45	26	82	31	51	92	45	47	97	59	38
2012	중구	황학동	587	344	243	42	24	18	69	41	28	93	66	27	99	44	55	124	70	54	160	99	61
2012	중구	중림동	557	321	236	42	25	17	72	41	31	90	58	32	87	44	43	128	72	56	138	81	57
2012	용산구	소계	9,225	5,301	3,924	753	418	335	1,195	704	491	1,522	955	567	1,557	730	827	1,928	1,039	889	2,270	1,455	815
2012	용산구	후암동	934	553	381	113	70	43	130	77	53	158	91	67	151	77	74	162	93	69	220	145	75
2012	용산구	용산2가동	581	319	262	36	16	20	77	43	34	85	46	39	109	47	62	124	74	50	150	93	57
2012	용산구	남영동	571	416	155	23	16	7	71	49	22	115	86	29	103	73	30	108	77	31	151	115	36
2012	용산구	원효로2동	548	304	244	34	17	17	79	40	39	93	54	39	100	40	60	102	68	34	140	85	55
2012	용산구	효창동	409	226	183	32	22	10	54	31	23	74	40	34	65	23	42	83	43	40	101	67	34
2012	용산구	용문동	482	251	231	45	21	24	60	31	29	74	39	35	89	42	47	93	48	45	121	70	51
2012	용산구	이촌1동	552	309	243	62	33	29	80	49	31	94	58	36	93	37	56	113	60	53	110	72	38
2012	용산구	이촌2동	410	228	182	37	20	17	54	35	19	67	41	26	74	35	39	97	49	48	81	48	33
2012	용산구	이태원1동	306	167	139	23	12	11	54	30	24	43	26	17	52	23	29	66	36	30	68	40	28
2012	용산구	이태원2동	451	245	206	35	18	17	54	28	26	73	47	26	73	32	41	109	50	59	107	70	37
2012	용산구	서빙고동	422	226	196	50	27	23	46	29	17	67	40	27	63	26	37	91	41	50	105	63	42
2012	용산구	보광동	730	408	322	52	26	26	84	52	32	120	75	45	130	57	73	139	65	74	205	133	72
2012	용산구	청파동	926	549	377	65	39	26	141	90	51	148	100	48	136	67	69	206	102	104	230	151	79
2012	용산구	원효로1동	463	247	216	41	17	24	41	23	18	72	43	29	85	43	42	106	51	55	118	70	48
2012	용산구	한강로동	642	404	238	45	33	12	86	56	30	112	80	32	111	57	54	140	80	60	148	98	50
2012	용산구	한남동	798	449	349	60	31	29	84	41	43	127	89	38	123	51	72	189	102	87	215	135	80
2012	성동구	소계	12,256	7,164	5,092	792	463	329	1,533	914	619	1,994	1,241	753	2,134	1,030	1,104	2,795	1,499	1,296	3,008	2,017	991
2012	성동구	왕십리2동	728	402	326	29	19	10	84	52	32	130	72	58	148	67	81	157	78	79	180	114	66
2012	성동구	마장동	1,196	718	478	99	61	38	164	100	64	205	133	72	200	104	96	269	137	132	259	183	76
2012	성동구	사근동	471	267	204	28	17	11	46	29	17	81	47	34	84	29	55	114	65	49	118	80	38
2012	성동구	행당1동	723	434	289	42	23	19	96	59	37	116	67	49	136	68	68	157	98	59	176	119	57
2012	성동구	행당2동	937	529	408	61	32	29	124	65	59	161	91	70	147	66	81	214	117	97	230	158	72
2012	성동구	응봉동	573	322	251	36	26	10	69	41	28	89	49	40	117	62	55	136	69	67	126	75	51
2012	성동구	금호1가동	746	406	340	49	24	25	115	59	56	122	83	39	129	60	69	183	96	87	148	84	64
2012	성동구	금호4가동	554	309	245	31	18	13	77	48	29	77	45	32	96	43	53	124	64	60	149	91	58
2012	성동구	성수1가1동	695	446	249	52	34	18	85	50	35	127	95	32	97	55	42	138	74	64	196	138	58
2012	성동구	성수1가2동	682	383	299	38	24	14	74	39	35	103	58	45	125	62	63	166	78	88	176	122	54
2012	성동구	성수2가1동	894	570	324	59	37	22	106	72	34	137	91	46	151	87	64	201	117	84	240	166	74
2012	성동구	성수2가3동	467	290	177	27	17	10	53	31	22	70	50	20	80	42	38	115	69	46	122	81	41
2012	성동구	송정동	559	328	231	27	13	14	77	44	33	80	46	34	104	61	43	125	61	64	146	103	43
2012	성동구	용답동	837	517	320	48	27	21	104	71	33	162	120	42	140	62	78	187	108	79	196	129	67
2012	성동구	왕십리도선동	638	360	278	58	31	27	79	46	33	110	60	50	109	49	60	143	73	70	139	101	38
2012	성동구	금호2.3가동	919	528	391	53	28	25	101	59	42	128	76	52	162	69	93	219	117	102	256	179	77
2012	성동구	옥수동	637	355	282	55	32	23	79	49	30	96	58	38	109	44	65	147	78	69	151	94	57
2012	광진구	소계	13,187	7,768	5,419	988	589	399	1,712	1,020	692	2,166	1,353	813	2,054	1,059	995	2,880	1,537	1,343	3,387	2,210	1,177
2012	광진구	화양동	687	409	278	51	31	20	76	43	33	95	58	37	126	64	62	157	89	68	182	124	58
2012	광진구	군자동	828	471	357	47	26	21	115	57	58	137	89	48	125	63	62	203	101	102	201	135	66
2012	광진구	중곡1동	695	404	291	46	25	21	97	63	34	113	75	38	87	42	45	171	89	82	181	110	71
2012	광진구	중곡2동	895	529	366	72	49	23	136	73	63	153	95	58	127	66	61	180	95	85	227	151	76
2012	광진구	중곡3동	807	527	280	52	33	19	114	81	33	154	96	58	101	68	33	172	104	68	214	145	69
2012	광진구	중곡4동	1,319	771	548	99	59	40	162	91	71	230	146	84	218	119	99	278	146	132	332	210	122
2012	광진구	능동	405	235	170	35	15	20	57	34	23	68	45	23	53	22	31	87	50	37	105	69	36
2012	광진구	구의1동	827	491	336	55	33	22	110	69	41	153	90	63	126	62	64	166	94	72	217	143	74
2012	광진구	구의2동	1,181	701	480	93	61	32	155	86	69	172	113	59	192	105	87	245	123	122	324	213	111
2012	광진구	구의3동	824	467	357	76	40	36	92	54	38	132	90	42	126	54	72	194	109	85	204	120	84
2012	광진구	광장동	771	472	299	72	50	22	98	58	40	132	80	52	118	58	60	169	99	70	182	127	55
2012	광진구	자양1동	941	528	413	61	39	22	106	62	44	146	78	68	175	83	92	210	110	100	243	156	87
2012	광진구	자양2동	1,037	617	420	98	54	44	142	89	53	174	109	65	151	76	75	202	109	93	270	180	90
2012	광진구	자양3동	859	476	383	78	42	36	115	68	47	123	76	47	123	63	60	200	86	114	220	141	79
2012	광진구	자양4동	1,111	670	441	53	32	21	137	92	45	184	113	71	206	114	92	246	133	113	285	186	99
2012	동대문구	소계	16,584	9,740	6,844	1,118	675	443	2,044	1,228	816	2,762	1,762	1,000	2,763	1,405	1,358	3,634	1,957	1,677	4,263	2,713	1,550
2012	동대문구	회기동	381	221	160	26	16	10	53	35	18	64	37	27	63	28	35	85	51	34	90	54	36
2012	동대문구	휘경1동	746	427	319	45	24	21	91	55	36	122	78	44	110	58	52	188	98	90	190	114	76
2012	동대문구	휘경2동	852	486	366	44	24	20	99	54	45	118	69	49	143	70	73	206	105	101	242	164	78
2012	동대문구	청량리동	1,423	830	593	92	48	44	165	110	55	268	160	108	260	134	126	312	181	131	326	197	129
2012	동대문구	용신동	1,617	966	651	93	58	35	205	128	77	259	164	95	291	148	143	364	196	168	405	272	133
2012	동대문구	제기동	1,401	812	589	106	70	36	155	99	56	235	152	83	271	118	153	285	150	135	349	223	126
2012	동대문구	전농1동	1,579	947	632	96	57	39	190	115	75	267	175	92	278	159	119	366	207	159	382	234	148
2012	동대문구	전농2동	946	558	388	65	48	17	121	75	46	149	94	55	152	75	77	216	112	104	243	154	89
2012	동대문구	답십리1동	958	559	399	67	37	30	129	79	50	165	97	68	157	81	76	223	113	110	217	152	65
2012	동대문구	답십리2동	1,564	905	659	120	65	55	202	116	86	273	168	105	253	137	116	312	169	143	404	250	154
2012	동대문구	장안1동	1,516	911	605	111	73	38	185	104	81	247	158	89	227	112	115	332	194	138	414	270	144
2012	동대문구	장안2동	1,297	790	507	96	58	38	167	106	61	217	157	60	200	108	92	246	127	119	371	234	137
2012	동대문구	이문1동	1,321	778	543	82	51	31	150	83	67	218	142	76	204	101	103	291	160	131	376	241	135
2012	동대문구	이문2동	983	550	433	75	46	29	132	69	63	160	111	49	154	76	78	208	94	114	254	154	100
2012	중랑구	소계	20,563	12,070	8,493	1,483	910	573	2,645	1,594	1,051	3,472	2,180	1,292	3,225	1,643	1,582	4,349	2,272	2,077	5,389	3,471	1,918
2012	중랑구	면목2동	1,326	785	541	74	52	22	168	104	64	238	161	77	208	82	126	274	146	128	364	240	124
2012	중랑구	면목4동	1,388	863	525	111	72	39	241	159	82	296	202	94	180	83	97	230	135	95	330	212	118
2012	중랑구	면목5동	715	442	273	31	16	15	89	61	28	123	77	46	114	68	46	176	93	83	182	127	55
2012	중랑구	면목7동	1,102	656	446	76	43	33	113	71	42	200	136	64	187	97	90	242	124	118	284	185	99
2012	중랑구	상봉1동	1,430	837	593	126	83	43	253	161	92	267	158	109	227	105	122	249	130	119	308	200	108
2012	중랑구	상봉2동	913	534	379	63	43	20	82	58	24	132	86	46	141	71	70	220	107	113	275	169	106
2012	중랑구	중화1동	913	551	362	62	41	21	111	74	37	157	87	70	153	77	76	192	106	86	238	166	72
2012	중랑구	중화2동	1,651	949	702	97	58	39	181	104	77	253	149	104	278	136	142	356	193	163	486	309	177
2012	중랑구	묵1동	1,419	827	592	98	51	47	168	99	69	245	166	79	207	107	100	317	160	157	384	244	140
2012	중랑구	묵2동	955	550	405	70	36	34	97	58	39	155	97	58	157	73	84	195	103	92	281	183	98
2012	중랑구	망우3동	925	563	362	56	33	23	95	48	47	153	98	55	148	89	59	210	111	99	263	184	79
2012	중랑구	신내1동	1,384	756	628	131	79	52	165	91	74	209	115	94	192	86	106	327	161	166	360	224	136
2012	중랑구	신내2동	1,465	842	623	173	114	59	265	149	116	275	170	105	212	111	101	256	140	116	284	158	126
2012	중랑구	면목본동	1,794	1,053	741	100	57	43	215	136	79	292	174	118	307	173	134	380	193	187	500	320	180
2012	중랑구	면목3.8동	1,357	793	564	88	52	36	181	106	75	206	122	84	226	129	97	285	141	144	371	243	128
2012	중랑구	망우본동	1,826	1,069	757	127	80	47	221	115	106	271	182	89	288	156	132	440	229	211	479	307	172
2012	성북구	소계	19,507	11,187	8,320	1,537	885	652	2,476	1,422	1,054	3,035	1,910	1,125	3,084	1,484	1,600	4,287	2,180	2,107	5,088	3,306	1,782
2012	성북구	돈암1동	629	349	280	47	28	19	71	46	25	104	58	46	123	55	68	127	58	69	157	104	53
2012	성북구	돈암2동	654	374	280	62	39	23	98	53	45	90	56	34	91	41	50	142	74	68	171	111	60
2012	성북구	안암동	681	390	291	101	60	41	96	53	43	108	72	36	100	46	54	123	66	57	153	93	60
2012	성북구	보문동	623	339	284	38	20	18	64	40	24	121	88	33	95	39	56	141	47	94	164	105	59
2012	성북구	정릉1동	744	405	339	65	33	32	94	55	39	121	79	42	108	39	69	164	80	84	192	119	73
2012	성북구	정릉2동	940	523	417	71	33	38	137	78	59	133	86	47	144	66	78	223	113	110	232	147	85
2012	성북구	정릉3동	844	492	352	48	25	23	100	62	38	134	87	47	150	71	79	188	102	86	224	145	79
2012	성북구	정릉4동	1,022	586	436	92	49	43	152	82	70	153	93	60	143	73	70	239	133	106	243	156	87
2012	성북구	길음1동	1,104	602	502	111	60	51	125	57	68	162	106	56	191	86	105	242	123	119	273	170	103
2012	성북구	길음2동	994	566	428	66	34	32	100	61	39	150	93	57	156	77	79	243	124	119	279	177	102
2012	성북구	월곡1동	1,295	719	576	88	45	43	164	98	66	202	107	95	209	103	106	286	142	144	346	224	122
2012	성북구	월곡2동	987	567	420	76	43	33	113	63	50	158	99	59	146	69	77	234	118	116	260	175	85
2012	성북구	장위1동	1,175	670	505	55	39	16	152	83	69	186	107	79	175	97	78	279	131	148	328	213	115
2012	성북구	장위2동	1,036	631	405	77	59	18	133	79	54	151	99	52	176	97	79	231	127	104	268	170	98
2012	성북구	장위3동	946	577	369	84	51	33	130	74	56	149	93	56	131	68	63	183	101	82	269	190	79
2012	성북구	성북동	683	392	291	62	40	22	80	44	36	107	73	34	107	46	61	131	66	65	196	123	73
2012	성북구	삼선동	1,095	631	464	97	63	34	165	98	67	187	112	75	163	76	87	230	115	115	253	167	86
2012	성북구	동선동	623	351	272	75	44	31	67	38	29	82	54	28	112	51	61	132	64	68	155	100	55
2012	성북구	종암동	1,639	931	708	98	45	53	219	135	84	268	165	103	270	131	139	370	191	179	414	264	150
2012	성북구	석관동	1,793	1,092	701	124	75	49	216	123	93	269	183	86	294	153	141	379	205	174	511	353	158
2012	강북구	소계	17,641	10,150	7,491	1,531	896	635	2,427	1,427	1,000	2,860	1,759	1,101	2,713	1,357	1,356	3,635	1,899	1,736	4,475	2,812	1,663
2012	강북구	번1동	944	552	392	63	32	31	106	60	46	158	95	63	141	80	61	199	106	93	277	179	98
2012	강북구	번2동	1,355	784	571	135	73	62	248	152	96	222	133	89	205	116	89	258	134	124	287	176	111
2012	강북구	번3동	2,042	1,162	880	256	149	107	386	235	151	443	266	177	287	143	144	330	177	153	340	192	148
2012	강북구	수유1동	1,181	662	519	153	86	67	126	71	55	176	106	70	175	82	93	235	119	116	316	198	118
2012	강북구	수유2동	1,069	614	455	79	56	23	138	81	57	183	108	75	179	91	88	236	118	118	254	160	94
2012	강북구	수유3동	1,143	673	470	86	55	31	153	94	59	177	121	56	185	96	89	224	114	110	318	193	125
2012	강북구	삼양동	1,641	948	693	123	70	53	202	113	89	236	145	91	257	134	123	383	203	180	440	283	157
2012	강북구	미아동	1,118	656	462	79	46	33	151	92	59	141	93	48	166	73	93	256	147	109	325	205	120
2012	강북구	송중동	1,598	955	643	97	57	40	207	120	87	248	165	83	251	138	113	340	172	168	455	303	152
2012	강북구	송천동	1,662	980	682	94	59	35	220	138	82	246	163	83	281	128	153	368	194	174	453	298	155
2012	강북구	삼각산동	1,237	662	575	111	63	48	183	104	79	219	120	99	172	78	94	243	104	139	309	193	116
2012	강북구	우이동	982	555	427	85	53	32	111	62	49	165	91	74	165	74	91	206	121	85	250	154	96
2012	강북구	인수동	1,669	947	722	170	97	73	196	105	91	246	153	93	249	124	125	357	190	167	451	278	173
2012	도봉구	소계	14,972	8,747	6,225	1,251	706	545	2,001	1,148	853	2,368	1,490	878	2,246	1,141	1,105	3,278	1,719	1,559	3,828	2,543	1,285
2012	도봉구	쌍문1동	1,009	599	410	74	44	30	114	63	51	169	111	58	154	80	74	226	122	104	272	179	93
2012	도봉구	쌍문2동	952	540	412	75	38	37	129	71	58	151	90	61	159	74	85	193	109	84	245	158	87
2012	도봉구	쌍문3동	795	450	345	58	34	24	108	62	46	122	75	47	118	53	65	192	94	98	197	132	65
2012	도봉구	쌍문4동	637	371	266	37	19	18	91	57	34	88	62	26	109	47	62	158	80	78	154	106	48
2012	도봉구	방학1동	1,407	845	562	103	65	38	187	112	75	214	136	78	218	117	101	311	153	158	374	262	112
2012	도봉구	방학2동	1,120	681	439	83	50	33	137	83	54	186	127	59	174	93	81	249	136	113	291	192	99
2012	도봉구	방학3동	1,023	593	430	96	52	44	130	69	61	171	101	70	132	67	65	229	121	108	265	183	82
2012	도봉구	창1동	1,064	603	461	93	55	38	151	86	65	153	93	60	189	94	95	222	118	104	256	157	99
2012	도봉구	창2동	1,205	709	496	103	55	48	141	83	58	174	116	58	190	104	86	261	134	127	336	217	119
2012	도봉구	창3동	713	417	296	63	35	28	102	55	47	104	64	40	107	55	52	164	84	80	173	124	49
2012	도봉구	창4동	1,007	551	456	107	53	54	144	67	77	164	103	61	121	55	66	225	108	117	246	165	81
2012	도봉구	창5동	993	595	398	90	56	34	127	74	53	150	94	56	148	71	77	213	120	93	265	180	85
2012	도봉구	도봉1동	1,535	910	625	144	77	67	230	139	91	287	174	113	222	131	91	306	160	146	346	229	117
2012	도봉구	도봉2동	1,512	883	629	125	73	52	210	127	83	235	144	91	205	100	105	329	180	149	408	259	149
2012	노원구	소계	28,299	15,755	12,544	3,190	1,847	1,343	4,555	2,558	1,997	4,972	2,978	1,994	4,026	1,938	2,088	5,327	2,633	2,694	6,229	3,801	2,428
2012	노원구	월계1동	1,001	578	423	72	47	25	135	71	64	153	108	45	164	78	86	223	113	110	254	161	93
2012	노원구	월계2동	2,216	1,234	982	245	136	109	433	250	183	473	284	189	311	154	157	347	166	181	407	244	163
2012	노원구	월계3동	1,987	1,107	880	233	142	91	343	191	152	375	228	147	275	130	145	348	161	187	413	255	158
2012	노원구	공릉2동	1,564	879	685	133	82	51	183	105	78	219	126	93	264	131	133	336	176	160	429	259	170
2012	노원구	하계1동	2,142	1,108	1,034	358	190	168	445	246	199	460	251	209	268	106	162	284	131	153	327	184	143
2012	노원구	하계2동	1,084	599	485	128	66	62	165	94	71	194	119	75	158	71	87	193	94	99	246	155	91
2012	노원구	중계본동	994	548	446	132	75	57	132	64	68	159	94	65	143	66	77	212	111	101	216	138	78
2012	노원구	중계1동	840	469	371	83	51	32	123	71	52	117	70	47	122	53	69	176	92	84	219	132	87
2012	노원구	중계4동	1,343	759	584	119	75	44	263	159	104	282	176	106	184	87	97	252	123	129	243	139	104
2012	노원구	상계1동	1,954	1,082	872	280	167	113	230	125	105	285	155	130	277	142	135	390	185	205	492	308	184
2012	노원구	상계2동	913	562	351	74	50	24	126	72	54	158	102	56	123	69	54	201	114	87	231	155	76
2012	노원구	상계5동	1,106	613	493	87	52	35	127	74	53	188	119	69	181	89	92	244	109	135	279	170	109
2012	노원구	상계8동	804	445	359	63	41	22	101	54	47	123	71	52	131	58	73	160	77	83	226	144	82
2012	노원구	상계9동	777	436	341	84	47	37	115	73	42	124	73	51	101	45	56	180	88	92	173	110	63
2012	노원구	상계10동	592	317	275	61	32	29	92	54	38	89	59	30	88	38	50	124	55	69	138	79	59
2012	노원구	상계3.4동	2,180	1,274	906	145	88	57	313	180	133	371	234	137	322	170	152	466	241	225	563	361	202
2012	노원구	상계6.7동	1,261	687	574	140	74	66	174	90	84	201	119	82	177	90	87	274	136	138	295	178	117
2012	노원구	중계2.3동	3,310	1,819	1,491	522	284	238	700	389	311	622	372	250	428	211	217	484	248	236	554	315	239
2012	노원구	공릉1동	2,231	1,239	992	231	148	83	355	196	159	379	218	161	309	150	159	433	213	220	524	314	210
2012	은평구	소계	21,905	12,951	8,954	2,080	1,362	718	3,089	1,927	1,162	3,624	2,309	1,315	3,309	1,625	1,684	4,472	2,367	2,105	5,331	3,361	1,970
2012	은평구	녹번동	1,404	802	602	100	60	40	159	88	71	221	144	77	246	128	118	333	170	163	345	212	133
2012	은평구	불광1동	1,583	883	700	118	71	47	188	97	91	257	149	108	246	109	137	352	182	170	422	275	147
2012	은평구	갈현1동	1,104	641	463	76	46	30	148	90	58	199	116	83	166	85	81	225	123	102	290	181	109
2012	은평구	갈현2동	1,055	632	423	73	45	28	139	87	52	194	122	72	163	87	76	213	120	93	273	171	102
2012	은평구	구산동	2,409	1,810	599	536	457	79	579	487	92	408	313	95	231	142	89	307	188	119	348	223	125
2012	은평구	대조동	1,332	743	589	79	50	29	196	111	85	226	133	93	222	110	112	278	145	133	331	194	137
2012	은평구	응암1동	1,350	775	575	100	53	47	163	90	73	213	138	75	210	101	109	311	164	147	353	229	124
2012	은평구	응암2동	1,088	619	469	87	53	34	130	75	55	184	114	70	175	81	94	229	129	100	283	167	116
2012	은평구	신사1동	1,161	666	495	102	59	43	141	96	45	181	113	68	175	79	96	258	133	125	304	186	118
2012	은평구	신사2동	954	560	394	71	38	33	143	84	59	145	98	47	138	65	73	209	112	97	248	163	85
2012	은평구	증산동	886	519	367	63	34	29	129	72	57	133	86	47	148	76	72	183	95	88	230	156	74
2012	은평구	수색동	1,011	562	449	81	52	29	119	66	53	163	100	63	170	75	95	245	124	121	233	145	88
2012	은평구	진관동	1,819	999	820	202	112	90	251	146	105	296	174	122	256	116	140	377	198	179	437	253	184
2012	은평구	불광2동	1,461	830	631	124	73	51	189	110	79	221	152	69	242	107	135	302	143	159	383	245	138
2012	은평구	응암3동	1,270	769	501	103	70	33	156	97	59	210	136	74	196	103	93	267	139	128	338	224	114
2012	은평구	역촌동	2,018	1,141	877	165	89	76	259	131	128	373	221	152	325	161	164	383	202	181	513	337	176
2012	서대문구	소계	12,901	7,264	5,637	1,054	621	433	1,716	986	730	2,057	1,237	820	2,087	991	1,096	2,777	1,426	1,351	3,210	2,003	1,207
2012	서대문구	천연동	850	461	389	80	46	34	113	65	48	153	90	63	137	57	80	171	85	86	196	118	78
2012	서대문구	홍제1동	1,072	609	463	77	45	32	149	88	61	157	99	58	161	68	93	240	125	115	288	184	104
2012	서대문구	홍제3동	952	513	439	73	42	31	123	72	51	143	84	59	148	74	74	235	110	125	230	131	99
2012	서대문구	홍제2동	626	353	273	70	41	29	81	50	31	92	62	30	96	45	51	138	66	72	149	89	60
2012	서대문구	홍은1동	1,182	646	536	88	52	36	166	92	74	167	93	74	203	98	105	259	138	121	299	173	126
2012	서대문구	홍은2동	1,263	728	535	105	55	50	185	111	74	208	135	73	184	100	84	267	132	135	314	195	119
2012	서대문구	남가좌1동	166	97	69	11	8	3	25	13	12	44	27	17	23	12	11	31	15	16	32	22	10
2012	서대문구	남가좌2동	1,460	795	665	114	72	42	215	115	100	242	133	109	242	105	137	320	151	169	327	219	108
2012	서대문구	북가좌1동	559	322	237	43	24	19	66	37	29	89	56	33	83	36	47	117	63	54	161	106	55
2012	서대문구	북가좌2동	1,448	827	621	93	51	42	202	115	87	223	130	93	232	116	116	328	177	151	370	238	132
2012	서대문구	충현동	786	477	309	56	34	22	92	44	48	136	91	45	134	69	65	163	99	64	205	140	65
2012	서대문구	북아현동	461	266	195	42	25	17	58	32	26	80	50	30	84	43	41	100	55	45	97	61	36
2012	서대문구	신촌동	549	303	246	60	38	22	59	37	22	83	50	33	100	42	58	108	52	56	139	84	55
2012	서대문구	연희동	1,527	867	660	142	88	54	182	115	67	240	137	103	260	126	134	300	158	142	403	243	160
2012	마포구	소계	14,562	8,300	6,262	1,279	742	537	2,019	1,189	830	2,254	1,338	916	2,347	1,117	1,230	3,055	1,581	1,474	3,608	2,333	1,275
2012	마포구	용강동	549	317	232	43	25	18	80	42	38	95	55	40	78	43	35	101	51	50	152	101	51
2012	마포구	대흥동	595	351	244	50	29	21	78	50	28	95	57	38	92	43	49	114	66	48	166	106	60
2012	마포구	염리동	763	401	362	64	38	26	100	55	45	116	65	51	130	62	68	153	62	91	200	119	81
2012	마포구	신수동	773	457	316	54	27	27	104	63	41	112	67	45	144	67	77	157	94	63	202	139	63
2012	마포구	서교동	811	485	326	63	45	18	95	71	24	105	63	42	136	73	63	209	107	102	203	126	77
2012	마포구	합정동	675	386	289	48	30	18	93	56	37	98	58	40	113	57	56	168	84	84	155	101	54
2012	마포구	망원1동	979	574	405	74	38	36	109	66	43	137	86	51	151	71	80	232	125	107	276	188	88
2012	마포구	망원2동	851	486	365	53	24	29	118	64	54	142	79	63	138	63	75	192	107	85	208	149	59
2012	마포구	연남동	678	377	301	54	32	22	76	42	34	108	67	41	111	52	59	146	75	71	183	109	74
2012	마포구	성산1동	766	446	320	57	34	23	93	50	43	121	76	45	122	61	61	165	90	75	208	135	73
2012	마포구	성산2동	1,968	1,068	900	248	140	108	346	207	139	335	193	142	298	130	168	351	167	184	390	231	159
2012	마포구	상암동	1,286	722	564	149	97	52	207	115	92	196	112	84	180	84	96	237	118	119	317	196	121
2012	마포구	도화동	840	459	381	95	53	42	118	77	41	134	80	54	121	48	73	189	95	94	183	106	77
2012	마포구	서강동	714	402	312	65	35	30	100	60	40	109	61	48	119	55	64	149	74	75	172	117	55
2012	마포구	공덕동	1,595	932	663	112	70	42	216	117	99	239	145	94	277	133	144	348	192	156	403	275	128
2012	마포구	아현동	719	437	282	50	25	25	86	54	32	112	74	38	137	75	62	144	74	70	190	135	55
2012	양천구	소계	18,106	10,643	7,463	1,395	800	595	2,412	1,408	1,004	2,939	1,778	1,161	2,812	1,477	1,335	3,917	2,091	1,826	4,631	3,089	1,542
2012	양천구	목1동	726	394	332	68	33	35	104	52	52	102	52	50	109	62	47	160	76	84	183	119	64
2012	양천구	목2동	1,020	617	403	82	40	42	127	77	50	163	104	59	147	81	66	249	145	104	252	170	82
2012	양천구	목3동	920	534	386	59	34	25	118	73	45	179	102	77	154	80	74	192	101	91	218	144	74
2012	양천구	목4동	910	541	369	76	39	37	107	65	42	143	90	53	133	76	57	199	100	99	252	171	81
2012	양천구	신월1동	1,280	806	474	85	48	37	152	87	65	228	146	82	195	118	77	260	152	108	360	255	105
2012	양천구	신월2동	972	563	409	57	34	23	136	79	57	157	87	70	156	78	78	218	119	99	248	166	82
2012	양천구	신월3동	933	571	362	53	31	22	130	80	50	169	107	62	139	75	64	199	107	92	243	171	72
2012	양천구	신월4동	849	524	325	59	41	18	100	56	44	137	93	44	131	74	57	198	108	90	224	152	72
2012	양천구	신월5동	748	437	311	59	32	27	103	63	40	102	69	33	109	59	50	161	84	77	214	130	84
2012	양천구	신월6동	582	377	205	33	21	12	76	52	24	86	55	31	87	49	38	137	81	56	163	119	44
2012	양천구	신월7동	1,116	651	465	77	41	36	136	85	51	189	115	74	169	88	81	261	134	127	284	188	96
2012	양천구	신정1동	508	314	194	38	26	12	86	51	35	78	52	26	65	33	32	95	54	41	146	98	48
2012	양천구	신정2동	794	468	326	75	44	31	120	79	41	142	86	56	110	51	59	171	94	77	176	114	62
2012	양천구	신정3동	2,382	1,366	1,016	216	127	89	339	196	143	362	206	156	391	196	195	504	269	235	570	372	198
2012	양천구	신정6동	537	284	253	62	37	25	58	29	29	90	45	45	81	43	38	120	57	63	126	73	53
2012	양천구	신정7동	1,388	744	644	108	65	43	197	98	99	251	140	111	256	117	139	265	127	138	311	197	114
2012	양천구	목5동	781	421	360	87	42	45	100	52	48	101	58	43	119	51	68	185	90	95	189	128	61
2012	양천구	신정4동	1,660	1,031	629	101	65	36	223	134	89	260	171	89	261	146	115	343	193	150	472	322	150
2012	강서구	소계	27,518	16,041	11,477	2,541	1,487	1,054	4,571	2,660	1,911	5,126	3,137	1,989	3,989	2,063	1,926	5,182	2,758	2,424	6,109	3,936	2,173
2012	강서구	염창동	1,221	724	497	122	59	63	169	95	74	188	120	68	164	78	86	277	165	112	301	207	94
2012	강서구	등촌1동	770	420	350	49	33	16	100	51	49	135	74	61	124	58	66	166	75	91	196	129	67
2012	강서구	등촌2동	718	401	317	54	29	25	100	49	51	112	69	43	97	50	47	159	71	88	196	133	63
2012	강서구	등촌3동	3,678	2,069	1,609	443	261	182	844	501	343	831	496	335	505	261	244	519	254	265	536	296	240
2012	강서구	화곡본동	1,455	865	590	102	67	35	207	123	84	264	159	105	201	103	98	305	163	142	376	250	126
2012	강서구	화곡2동	809	511	298	51	26	25	106	66	40	140	97	43	119	69	50	169	96	73	224	157	67
2012	강서구	화곡3동	870	518	352	90	55	35	116	67	49	137	89	48	145	73	72	167	86	81	215	148	67
2012	강서구	화곡4동	944	566	378	62	38	24	114	68	46	160	103	57	149	72	77	200	110	90	259	175	84
2012	강서구	화곡6동	995	569	426	122	72	50	134	70	64	154	84	70	149	75	74	212	113	99	224	155	69
2012	강서구	화곡8동	1,057	634	423	62	40	22	135	75	60	183	110	73	156	74	82	217	129	88	304	206	98
2012	강서구	가양1동	653	390	263	70	46	24	93	50	43	88	55	33	82	42	40	138	68	70	182	129	53
2012	강서구	가양2동	2,291	1,322	969	290	177	113	603	375	228	584	335	249	250	129	121	293	144	149	271	162	109
2012	강서구	가양3동	1,640	904	736	168	103	65	325	185	140	362	209	153	271	120	151	226	117	109	288	170	118
2012	강서구	발산1동	1,314	782	532	119	56	63	202	120	82	233	150	83	181	103	78	276	158	118	303	195	108
2012	강서구	공항동	983	599	384	67	34	33	118	66	52	147	102	45	163	95	68	211	121	90	277	181	96
2012	강서구	방화1동	1,269	764	505	87	47	40	162	95	67	202	135	67	196	107	89	299	166	133	323	214	109
2012	강서구	방화2동	1,548	917	631	142	85	57	251	155	96	305	189	116	221	118	103	278	151	127	351	219	132
2012	강서구	방화3동	1,969	1,116	853	200	115	85	399	231	168	394	242	152	297	157	140	338	169	169	341	202	139
2012	강서구	화곡1동	2,127	1,294	833	139	85	54	244	149	95	334	215	119	328	187	141	485	274	211	597	384	213
2012	강서구	우장산동	1,207	676	531	102	59	43	149	69	80	173	104	69	191	92	99	247	128	119	345	224	121
2012	구로구	소계	17,821	10,782	7,039	1,445	863	582	2,231	1,335	896	2,862	1,795	1,067	2,707	1,494	1,213	3,820	2,107	1,713	4,756	3,188	1,568
2012	구로구	신도림동	1,056	620	436	94	50	44	136	90	46	162	95	67	144	80	64	252	133	119	268	172	96
2012	구로구	구로1동	586	348	238	48	29	19	78	50	28	81	60	21	94	42	52	122	64	58	163	103	60
2012	구로구	구로3동	944	566	378	66	46	20	101	60	41	141	91	50	158	79	79	224	121	103	254	169	85
2012	구로구	구로4동	1,310	778	532	95	55	40	144	86	58	225	133	92	216	113	103	278	152	126	352	239	113
2012	구로구	구로5동	1,169	695	474	104	63	41	143	74	69	189	119	70	178	102	76	235	125	110	320	212	108
2012	구로구	고척1동	1,111	667	444	91	53	38	121	75	46	171	100	71	175	92	83	253	153	100	300	194	106
2012	구로구	고척2동	1,334	805	529	100	63	37	161	93	68	227	144	83	194	104	90	288	155	133	364	246	118
2012	구로구	개봉2동	1,339	827	512	104	54	50	151	87	64	216	146	70	193	119	74	319	174	145	356	247	109
2012	구로구	개봉3동	924	595	329	79	49	30	130	84	46	159	100	59	151	97	54	182	100	82	223	165	58
2012	구로구	오류1동	1,026	605	421	71	38	33	117	69	48	173	105	68	160	95	65	207	105	102	298	193	105
2012	구로구	오류2동	1,849	1,082	767	185	108	77	250	147	103	294	181	113	263	144	119	393	201	192	464	301	163
2012	구로구	수궁동	1,193	724	469	133	82	51	151	85	66	187	111	76	191	101	90	229	130	99	302	215	87
2012	구로구	가리봉동	857	545	312	53	27	26	120	77	43	149	91	58	134	85	49	165	96	69	236	169	67
2012	구로구	구로2동	1,602	968	634	120	73	47	216	124	92	233	151	82	259	139	120	344	204	140	430	277	153
2012	구로구	개봉1동	1,521	957	564	102	73	29	212	134	78	255	168	87	197	102	95	329	194	135	426	286	140
2012	금천구	소계	11,210	6,870	4,340	746	444	302	1,454	843	611	1,942	1,256	686	1,766	1,008	758	2,366	1,292	1,074	2,936	2,027	909
2012	금천구	가산동	834	540	294	44	27	17	92	62	30	169	114	55	133	80	53	180	97	83	216	160	56
2012	금천구	독산1동	1,707	1,034	673	151	87	64	283	172	111	343	212	131	226	130	96	297	150	147	407	283	124
2012	금천구	독산2동	945	591	354	52	32	20	137	78	59	173	114	59	140	85	55	218	124	94	225	158	67
2012	금천구	독산3동	1,278	793	485	77	43	34	139	77	62	221	135	86	202	111	91	260	157	103	379	270	109
2012	금천구	독산4동	768	511	257	38	22	16	94	56	38	115	80	35	122	80	42	172	106	66	227	167	60
2012	금천구	시흥1동	1,605	976	629	100	58	42	203	103	100	254	169	85	240	137	103	368	206	162	440	303	137
2012	금천구	시흥2동	1,173	691	482	99	65	34	161	98	63	181	115	66	208	113	95	234	120	114	290	180	110
2012	금천구	시흥3동	620	364	256	33	16	17	78	43	35	100	64	36	107	60	47	137	70	67	165	111	54
2012	금천구	시흥4동	1,031	625	406	84	58	26	119	71	48	160	104	56	161	91	70	224	113	111	283	188	95
2012	금천구	시흥5동	1,249	745	504	68	36	32	148	83	65	226	149	77	227	121	106	276	149	127	304	207	97
2012	영등포구	소계	16,033	9,642	6,391	1,097	661	436	1,852	1,126	726	2,656	1,710	946	2,712	1,453	1,259	3,547	1,927	1,620	4,169	2,765	1,404
2012	영등포구	여의동	…	…	…	…	…	…	…	…	…	…	…	…	…	…	…	…	…	…	…	…	…
2012	영등포구	당산1동	…	…	…	…	…	…	…	…	…	…	…	…	…	…	…	…	…	…	…	…	…
2012	영등포구	당산2동	…	…	…	…	…	…	…	…	…	…	…	…	…	…	…	…	…	…	…	…	…
2012	영등포구	양평1동	…	…	…	…	…	…	…	…	…	…	…	…	…	…	…	…	…	…	…	…	…
2012	영등포구	양평2동	…	…	…	…	…	…	…	…	…	…	…	…	…	…	…	…	…	…	…	…	…
2012	영등포구	신길1동	…	…	…	…	…	…	…	…	…	…	…	…	…	…	…	…	…	…	…	…	…
2012	영등포구	신길3동	…	…	…	…	…	…	…	…	…	…	…	…	…	…	…	…	…	…	…	…	…
2012	영등포구	신길4동	…	…	…	…	…	…	…	…	…	…	…	…	…	…	…	…	…	…	…	…	…
2012	영등포구	신길5동	…	…	…	…	…	…	…	…	…	…	…	…	…	…	…	…	…	…	…	…	…
2012	영등포구	신길6동	…	…	…	…	…	…	…	…	…	…	…	…	…	…	…	…	…	…	…	…	…
2012	영등포구	신길7동	…	…	…	…	…	…	…	…	…	…	…	…	…	…	…	…	…	…	…	…	…
2012	영등포구	대림1동	…	…	…	…	…	…	…	…	…	…	…	…	…	…	…	…	…	…	…	…	…
2012	영등포구	대림2동	…	…	…	…	…	…	…	…	…	…	…	…	…	…	…	…	…	…	…	…	…
2012	영등포구	대림3동	…	…	…	…	…	…	…	…	…	…	…	…	…	…	…	…	…	…	…	…	…
2012	영등포구	영등포본동	…	…	…	…	…	…	…	…	…	…	…	…	…	…	…	…	…	…	…	…	…
2012	영등포구	영등포동	…	…	…	…	…	…	…	…	…	…	…	…	…	…	…	…	…	…	…	…	…
2012	영등포구	도림동	…	…	…	…	…	…	…	…	…	…	…	…	…	…	…	…	…	…	…	…	…
2012	영등포구	문래동	…	…	…	…	…	…	…	…	…	…	…	…	…	…	…	…	…	…	…	…	…
2012	영등포구	기타	…	…	…	…	…	…	…	…	…	…	…	…	…	…	…	…	…	…	…	…	…
2012	동작구	소계	15,431	8,890	6,541	1,241	768	473	2,158	1,250	908	2,510	1,494	1,016	2,254	1,089	1,165	3,263	1,718	1,545	4,005	2,571	1,434
2012	동작구	노량진2동	695	395	300	51	29	22	97	59	38	120	76	44	110	49	61	148	76	72	169	106	63
2012	동작구	상도1동	1,529	873	656	136	86	50	212	125	87	232	129	103	196	79	117	329	175	154	424	279	145
2012	동작구	상도2동	1,002	585	417	78	44	34	149	82	67	165	103	62	133	69	64	212	117	95	265	170	95
2012	동작구	상도3동	1,130	662	468	72	46	26	151	90	61	194	121	73	172	87	85	244	118	126	297	200	97
2012	동작구	상도4동	1,314	780	534	119	69	50	212	120	92	189	119	70	186	109	77	269	154	115	339	209	130
2012	동작구	사당1동	810	470	340	57	38	19	103	57	46	126	71	55	116	63	53	165	88	77	243	153	90
2012	동작구	사당3동	840	490	350	69	42	27	86	47	39	152	97	55	123	64	59	182	97	85	228	143	85
2012	동작구	사당4동	588	345	243	41	21	20	76	53	23	83	50	33	84	44	40	138	71	67	166	106	60
2012	동작구	사당5동	567	314	253	48	33	15	82	44	38	97	48	49	76	32	44	120	65	55	144	92	52
2012	동작구	대방동	1,644	917	727	172	107	65	262	150	112	288	153	135	244	118	126	317	165	152	361	224	137
2012	동작구	신대방1동	871	521	350	53	42	11	113	70	43	139	70	69	132	67	65	197	105	92	237	167	70
2012	동작구	신대방2동	775	465	310	69	43	26	123	72	51	118	75	43	133	54	79	154	97	57	178	124	54
2012	동작구	흑석동	1,388	774	614	92	57	35	192	108	84	221	143	78	216	88	128	298	142	156	369	236	133
2012	동작구	노량진1동	1,342	770	572	107	61	46	180	108	72	235	147	88	204	101	103	289	135	154	327	218	109
2012	동작구	사당2동	936	529	407	77	50	27	120	65	55	151	92	59	129	65	64	201	113	88	258	144	114
2012	관악구	소계	20,999	12,312	8,687	1,557	899	658	2,691	1,575	1,116	3,481	2,158	1,323	3,189	1,622	1,567	4,443	2,377	2,066	5,638	3,681	1,957
2012	관악구	보라매동	…	…	…	…	…	…	…	…	…	…	…	…	…	…	…	…	…	…	…	…	…
2012	관악구	청림동	…	…	…	…	…	…	…	…	…	…	…	…	…	…	…	…	…	…	…	…	…
2012	관악구	행운동	…	…	…	…	…	…	…	…	…	…	…	…	…	…	…	…	…	…	…	…	…
2012	관악구	낙성대동	…	…	…	…	…	…	…	…	…	…	…	…	…	…	…	…	…	…	…	…	…
2012	관악구	중앙동	…	…	…	…	…	…	…	…	…	…	…	…	…	…	…	…	…	…	…	…	…
2012	관악구	인헌동	…	…	…	…	…	…	…	…	…	…	…	…	…	…	…	…	…	…	…	…	…
2012	관악구	남현동	…	…	…	…	…	…	…	…	…	…	…	…	…	…	…	…	…	…	…	…	…
2012	관악구	서원동	…	…	…	…	…	…	…	…	…	…	…	…	…	…	…	…	…	…	…	…	…
2012	관악구	신원동	…	…	…	…	…	…	…	…	…	…	…	…	…	…	…	…	…	…	…	…	…
2012	관악구	서림동	…	…	…	…	…	…	…	…	…	…	…	…	…	…	…	…	…	…	…	…	…
2012	관악구	신사동	…	…	…	…	…	…	…	…	…	…	…	…	…	…	…	…	…	…	…	…	…
2012	관악구	신림동	…	…	…	…	…	…	…	…	…	…	…	…	…	…	…	…	…	…	…	…	…
2012	관악구	난향동	…	…	…	…	…	…	…	…	…	…	…	…	…	…	…	…	…	…	…	…	…
2012	관악구	조원동	…	…	…	…	…	…	…	…	…	…	…	…	…	…	…	…	…	…	…	…	…
2012	관악구	대학동	…	…	…	…	…	…	…	…	…	…	…	…	…	…	…	…	…	…	…	…	…
2012	관악구	은천동	…	…	…	…	…	…	…	…	…	…	…	…	…	…	…	…	…	…	…	…	…
2012	관악구	성현동	…	…	…	…	…	…	…	…	…	…	…	…	…	…	…	…	…	…	…	…	…
2012	관악구	청룡동	…	…	…	…	…	…	…	…	…	…	…	…	…	…	…	…	…	…	…	…	…
2012	관악구	난곡동	…	…	…	…	…	…	…	…	…	…	…	…	…	…	…	…	…	…	…	…	…
2012	관악구	삼성동	…	…	…	…	…	…	…	…	…	…	…	…	…	…	…	…	…	…	…	…	…
2012	관악구	미성동	…	…	…	…	…	…	…	…	…	…	…	…	…	…	…	…	…	…	…	…	…
2012	관악구	기타	…	…	…	…	…	…	…	…	…	…	…	…	…	…	…	…	…	…	…	…	…
2012	서초구	소계	10,702	6,216	4,486	1,070	656	414	1,539	887	652	1,704	1,022	682	1,514	745	769	2,366	1,252	1,114	2,509	1,654	855
2012	서초구	서초1동	479	278	201	54	38	16	74	41	33	71	39	32	77	37	40	104	57	47	99	66	33
2012	서초구	서초2동	463	264	199	41	22	19	67	37	30	77	47	30	76	36	40	87	43	44	115	79	36
2012	서초구	서초3동	707	439	268	63	42	21	90	54	36	108	73	35	101	55	46	171	92	79	174	123	51
2012	서초구	서초4동	475	262	213	67	41	26	59	27	32	69	41	28	73	37	36	107	49	58	100	67	33
2012	서초구	잠원동	689	392	297	68	42	26	93	55	38	118	65	53	111	61	50	145	69	76	154	100	54
2012	서초구	반포본동	241	153	88	21	14	7	41	26	15	43	26	17	28	15	13	51	30	21	57	42	15
2012	서초구	반포1동	647	364	283	60	29	31	86	46	40	99	67	32	83	37	46	145	69	76	174	116	58
2012	서초구	반포2동	365	218	147	31	18	13	54	30	24	59	42	17	40	21	19	92	50	42	89	57	32
2012	서초구	반포3동	452	245	207	52	29	23	69	36	33	58	35	23	61	26	35	104	54	50	108	65	43
2012	서초구	반포4동	392	208	184	39	22	17	60	27	33	61	28	33	49	27	22	89	46	43	94	58	36
2012	서초구	방배본동	517	296	221	65	40	25	74	45	29	79	45	34	72	34	38	121	64	57	106	68	38
2012	서초구	방배1동	490	279	211	42	21	21	61	38	23	74	39	35	64	30	34	109	61	48	140	90	50
2012	서초구	방배2동	961	542	419	70	43	27	108	57	51	153	93	60	146	73	73	239	115	124	245	161	84
2012	서초구	방배3동	641	382	259	53	34	19	86	59	27	107	67	40	94	38	56	136	74	62	165	110	55
2012	서초구	방배4동	678	416	262	79	53	26	93	58	35	91	45	46	100	54	46	148	93	55	167	113	54
2012	서초구	양재1동	1,390	766	624	152	91	61	249	127	122	244	145	99	192	81	111	284	152	132	269	170	99
2012	서초구	양재2동	710	431	279	57	33	24	111	71	40	110	58	52	95	54	41	154	90	64	183	125	58
2012	서초구	내곡동	405	281	124	56	44	12	64	53	11	83	67	16	52	29	23	80	44	36	70	44	26
2012	강남구	소계	15,641	8,888	6,753	1,748	1,059	689	2,562	1,500	1,062	2,723	1,603	1,120	2,043	933	1,110	3,196	1,625	1,571	3,369	2,168	1,201
2012	강남구	신사동	415	234	181	38	14	24	46	29	17	61	38	23	56	26	30	105	55	50	109	72	37
2012	강남구	논현1동	692	408	284	64	31	33	89	55	34	95	65	30	93	48	45	148	73	75	203	136	67
2012	강남구	논현2동	555	341	214	42	25	17	97	58	39	79	53	26	59	22	37	131	78	53	147	105	42
2012	강남구	삼성1동	367	221	146	42	27	15	57	33	24	40	24	16	56	30	26	84	48	36	88	59	29
2012	강남구	삼성2동	670	387	283	54	36	18	100	48	52	98	48	50	105	55	50	153	97	56	160	103	57
2012	강남구	대치1동	250	138	112	22	14	8	36	18	18	51	31	20	26	9	17	69	39	30	46	27	19
2012	강남구	대치4동	426	242	184	28	11	17	67	38	29	72	39	33	45	20	25	88	50	38	126	84	42
2012	강남구	역삼1동	824	493	331	77	46	31	96	54	42	134	82	52	107	58	49	175	88	87	235	165	70
2012	강남구	역삼2동	707	409	298	65	36	29	123	82	41	99	58	41	104	45	59	144	77	67	172	111	61
2012	강남구	도곡1동	452	256	196	43	31	12	57	25	32	69	40	29	60	29	31	119	67	52	104	64	40
2012	강남구	도곡2동	499	301	198	53	30	23	67	43	24	63	39	24	63	30	33	142	81	61	111	78	33
2012	강남구	개포1동	685	389	296	62	34	28	93	50	43	120	79	41	115	56	59	139	72	67	156	98	58
2012	강남구	개포4동	669	371	298	54	27	27	102	59	43	129	68	61	88	43	45	134	66	68	162	108	54
2012	강남구	일원본동	584	323	261	120	82	38	94	56	38	96	47	49	83	34	49	92	44	48	99	60	39
2012	강남구	일원1동	1,107	629	478	162	100	62	224	140	84	220	127	93	141	63	78	187	90	97	173	109	64
2012	강남구	일원2동	1,180	620	560	154	99	55	232	143	89	236	135	101	172	75	97	218	73	145	168	95	73
2012	강남구	수서동	2,051	1,110	941	304	197	107	486	278	208	483	262	221	237	105	132	282	120	162	259	148	111
2012	강남구	세곡동	754	441	313	71	38	33	109	71	38	143	90	53	111	60	51	162	76	86	158	106	52
2012	강남구	압구정동	519	287	232	62	36	26	90	51	39	68	47	21	69	19	50	122	66	56	108	68	40
2012	강남구	청담동	673	388	285	73	47	26	81	48	33	101	62	39	81	31	50	170	92	78	167	108	59
2012	강남구	대치2동	750	449	301	84	54	30	101	58	43	127	81	46	80	37	43	177	94	83	181	125	56
2012	강남구	개포2동	811	450	361	73	43	30	115	63	52	139	88	51	92	38	54	155	79	76	237	139	98
2012	강남구	기타	1	1	-	1	1	-	-	-	-	-	-	-	-	-	-	-	-	-	-	-	-
2012	송파구	소계	20,615	12,030	8,585	1,991	1,217	774	2,791	1,580	1,211	3,351	2,109	1,242	2,778	1,325	1,453	4,484	2,389	2,095	5,220	3,410	1,810
2012	송파구	풍납1동	779	464	315	60	41	19	99	56	43	126	83	43	87	40	47	183	99	84	224	145	79
2012	송파구	풍납2동	888	547	341	82	51	31	135	87	48	159	109	50	116	60	56	187	104	83	209	136	73
2012	송파구	거여1동	633	381	252	39	28	11	68	41	27	128	86	42	92	48	44	131	56	75	175	122	53
2012	송파구	거여2동	1,294	767	527	202	128	74	197	112	85	191	124	67	143	71	72	278	143	135	283	189	94
2012	송파구	마천1동	1,207	687	520	104	66	38	124	65	59	230	139	91	167	87	80	281	147	134	301	183	118
2012	송파구	마천2동	1,137	681	456	90	56	34	126	68	58	176	106	70	179	102	77	246	135	111	320	214	106
2012	송파구	방이1동	488	299	189	43	24	19	89	46	43	64	44	20	75	36	39	98	59	39	119	90	29
2012	송파구	방이2동	880	519	361	80	56	24	114	60	54	135	90	45	103	44	59	194	93	101	254	176	78
2012	송파구	오륜동	355	199	156	47	30	17	65	37	28	64	34	30	47	23	24	63	32	31	69	43	26
2012	송파구	오금동	1,263	713	550	118	66	52	150	95	55	239	148	91	166	63	103	271	136	135	319	205	114
2012	송파구	송파1동	739	432	307	44	24	20	85	44	41	112	76	36	112	47	65	169	103	66	217	138	79
2012	송파구	송파2동	603	340	263	52	33	19	73	45	28	98	66	32	92	47	45	128	60	68	160	89	71
2012	송파구	석촌동	1,119	657	462	102	62	40	172	94	78	162	111	51	150	80	70	240	129	111	293	181	112
2012	송파구	삼전동	1,016	583	433	77	42	35	118	52	66	164	102	62	145	70	75	231	136	95	281	181	100
2012	송파구	가락본동	818	501	317	69	44	25	117	71	46	125	84	41	114	54	60	176	93	83	217	155	62
2012	송파구	가락1동	254	140	114	33	15	18	29	14	15	37	22	15	45	22	23	57	35	22	53	32	21
2012	송파구	가락2동	940	548	392	92	57	35	106	67	39	165	103	62	104	44	60	229	124	105	244	153	91
2012	송파구	문정1동	634	355	279	58	31	27	96	51	45	111	67	44	85	39	46	114	59	55	170	108	62
2012	송파구	문정2동	373	210	163	39	19	20	67	39	28	56	34	22	57	24	33	96	56	40	58	38	20
2012	송파구	장지동	1,572	946	626	218	155	63	241	147	94	265	156	109	214	102	112	269	145	124	365	241	124
2012	송파구	잠실본동	902	511	391	63	29	34	99	55	44	153	87	66	131	63	68	224	117	107	232	160	72
2012	송파구	잠실4동	713	402	311	70	43	27	110	58	52	115	67	48	96	45	51	157	89	68	165	100	65
2012	송파구	잠실6동	374	219	155	48	27	21	56	34	22	51	37	14	56	25	31	85	37	48	78	59	19
2012	송파구	잠실7동	211	121	90	19	11	8	38	23	15	20	14	6	30	14	16	56	26	30	48	33	15
2012	송파구	잠실2동	640	362	278	69	42	27	99	53	46	91	48	43	73	36	37	130	73	57	178	110	68
2012	송파구	잠실3동	783	446	337	73	37	36	118	66	52	114	72	42	99	39	60	191	103	88	188	129	59
2012	강동구	소계	18,649	11,157	7,492	1,788	1,129	659	2,383	1,411	972	3,035	1,875	1,160	2,634	1,356	1,278	4,027	2,194	1,833	4,782	3,192	1,590
2012	강동구	강일동	1,545	899	646	184	114	70	204	119	85	255	156	99	217	109	108	321	168	153	364	233	131
2012	강동구	상일동	991	606	385	155	91	64	117	76	41	139	92	47	126	56	70	205	118	87	249	173	76
2012	강동구	명일1동	843	481	362	86	52	34	123	75	48	142	90	52	117	49	68	182	91	91	193	124	69
2012	강동구	명일2동	494	285	209	59	32	27	67	35	32	69	43	26	71	37	34	106	60	46	122	78	44
2012	강동구	고덕1동	575	342	233	73	50	23	72	48	24	97	55	42	80	44	36	106	45	61	147	100	47
2012	강동구	고덕2동	923	567	356	178	137	41	98	54	44	164	102	62	114	59	55	161	75	86	208	140	68
2012	강동구	암사2동	496	301	195	50	29	21	65	31	34	73	50	23	73	50	23	118	63	55	117	78	39
2012	강동구	암사3동	572	331	241	71	41	30	88	54	34	77	38	39	80	42	38	121	61	60	135	95	40
2012	강동구	천호1동	1,371	826	545	90	63	27	178	108	70	228	146	82	217	132	85	295	147	148	363	230	133
2012	강동구	천호3동	1,338	808	530	109	67	42	168	103	65	228	135	93	186	98	88	297	168	129	350	237	113
2012	강동구	성내1동	588	359	229	48	25	23	72	49	23	108	73	35	78	39	39	118	65	53	164	108	56
2012	강동구	성내2동	1,151	689	462	65	37	28	142	87	55	196	125	71	180	88	92	273	155	118	295	197	98
2012	강동구	성내3동	890	520	370	67	43	24	135	74	61	138	83	55	130	63	67	181	101	80	239	156	83
2012	강동구	둔촌1동	455	256	199	38	23	15	61	29	32	63	33	30	61	32	29	104	53	51	128	86	42
2012	강동구	둔촌2동	1,003	599	404	83	60	23	131	77	54	160	102	58	128	62	66	231	121	110	270	177	93
2012	강동구	암사1동	1,617	968	649	123	68	55	182	110	72	283	178	105	246	120	126	369	213	156	414	279	135
2012	강동구	천호2동	1,847	1,124	723	132	82	50	226	134	92	310	184	126	259	139	120	421	246	175	499	339	160
2012	강동구	길동	1,950	1,196	754	177	115	62	254	148	106	305	190	115	271	137	134	418	244	174	525	362	163