기간	자치구	동	인구	면적	인구밀도
2012	합계	합계	10,442,426	605.18	17,255
2012	종로구	소계	173,148	23.91	7,243
2012	종로구	사직동	10,477	1.23	8,518
2012	종로구	삼청동	3,485	1.49	2,339
2012	종로구	부암동	11,478	2.27	5,056
2012	종로구	평창동	19,816	8.87	2,234
2012	종로구	무악동	8,598	0.36	23,883
2012	종로구	교남동	8,342	0.35	23,834
2012	종로구	가회동	5,520	0.54	10,222
2012	종로구	종로1.2.3.4가동	8,984	2.36	3,807
2012	종로구	종로5·6가동	6,438	0.6	10,730
2012	종로구	이화동	9,521	0.78	12,206
2012	종로구	창신1동	7,669	0.31	24,739
2012	종로구	창신2동	11,984	0.26	46,092
2012	종로구	창신3동	8,502	0.23	36,965
2012	종로구	숭인1동	7,692	0.23	33,443
2012	종로구	숭인2동	9,560	0.35	27,314
2012	종로구	청운효자동	15,219	2.57	5,922
2012	종로구	혜화동	19,863	1.11	17,895
2012	중구	소계	140,807	9.96	14,136
2012	중구	소공동	1,764	0.95	1,857
2012	중구	회현동	6,581	0.84	7,835
2012	중구	명동	4,113	0.99	4,155
2012	중구	필동	4,989	1.14	4,376
2012	중구	장충동	6,189	1.36	4,551
2012	중구	광희동	6,460	0.74	8,730
2012	중구	을지로동	2,074	0.6	3,457
2012	중구	신당1동	9,325	0.55	16,955
2012	중구	신당2동	16,749	0.51	32,841
2012	중구	신당3동	19,638	0.48	40,913
2012	중구	신당4동	16,020	0.34	47,118
2012	중구	신당5동	10,693	0.39	27,418
2012	중구	신당6동	12,053	0.26	46,358
2012	중구	황학동	13,090	0.33	39,667
2012	중구	중림동	11,069	0.48	23,060
2012	용산구	소계	255,294	21.87	11,674
2012	용산구	후암동	20,413	0.86	23,736
2012	용산구	용산2가동	13,810	1.96	7,046
2012	용산구	남영동	8,213	1.19	6,902
2012	용산구	원효로2동	15,928	0.71	22,434
2012	용산구	효창동	11,449	0.44	26,020
2012	용산구	용문동	13,126	0.28	46,879
2012	용산구	이촌1동	28,405	2.86	9,932
2012	용산구	이촌2동	10,367	1.22	8,498
2012	용산구	이태원1동	9,981	0.57	17,511
2012	용산구	이태원2동	11,878	0.86	13,812
2012	용산구	서빙고동	14,456	2.8	5,163
2012	용산구	보광동	18,361	0.71	25,861
2012	용산구	청파동	23,948	0.91	26,316
2012	용산구	원효로1동	12,838	0.59	21,759
2012	용산구	한강로동	16,548	2.9	5,706
2012	용산구	한남동	25,573	3.01	8,496
2012	성동구	소계	306,868	16.85	18,214
2012	성동구	왕십리2동	17,423	0.41	42,495
2012	성동구	마장동	25,783	1.06	24,324
2012	성동구	사근동	11,699	1.11	10,540
2012	성동구	행당1동	18,129	0.59	30,727
2012	성동구	행당2동	27,031	0.42	64,360
2012	성동구	응봉동	17,579	0.57	30,840
2012	성동구	금호1가동	16,087	0.46	34,972
2012	성동구	금호4가동	15,016	0.84	17,876
2012	성동구	성수1가1동	18,588	1.98	9,388
2012	성동구	성수1가2동	18,906	0.89	21,243
2012	성동구	성수2가1동	21,430	1.18	18,161
2012	성동구	성수2가3동	12,440	1.03	12,078
2012	성동구	송정동	12,721	0.68	18,707
2012	성동구	용답동	17,551	2.32	7,565
2012	성동구	왕십리도선동	13,150	0.72	18,264
2012	성동구	금호2.3가동	23,248	0.64	36,325
2012	성동구	옥수동	20,081	1.95	10,298
2012	성동구	기타	6	-	-
2012	광진구	소계	384,269	17.06	22,520
2012	광진구	화양동	23,990	1.16	20,681
2012	광진구	군자동	22,227	0.74	30,036
2012	광진구	중곡1동	17,244	0.62	27,813
2012	광진구	중곡2동	23,234	0.55	42,244
2012	광진구	중곡3동	19,106	0.6	31,843
2012	광진구	중곡4동	32,281	2.32	13,914
2012	광진구	능동	11,328	1.1	10,298
2012	광진구	구의1동	23,547	0.56	42,048
2012	광진구	구의2동	27,744	1.39	19,960
2012	광진구	구의3동	30,036	1.02	29,447
2012	광진구	광장동	37,100	2.39	15,523
2012	광진구	자양1동	26,164	0.57	45,902
2012	광진구	자양2동	29,114	1.68	17,330
2012	광진구	자양3동	32,296	1.2	26,913
2012	광진구	자양4동	28,858	1.16	24,878
2012	동대문구	소계	375,683	14.2	26,453
2012	동대문구	회기동	12,664	0.76	16,663
2012	동대문구	휘경1동	17,724	0.63	28,133
2012	동대문구	휘경2동	26,392	1.05	25,135
2012	동대문구	청량리동	25,438	1.2	21,198
2012	동대문구	용신동	33,602	1.61	20,871
2012	동대문구	제기동	29,474	1.18	24,978
2012	동대문구	전농1동	27,251	1.19	22,900
2012	동대문구	전농2동	21,753	0.86	25,294
2012	동대문구	답십리1동	20,582	0.86	23,933
2012	동대문구	답십리2동	32,184	0.8	40,230
2012	동대문구	장안1동	38,129	1.25	30,503
2012	동대문구	장안2동	33,047	1.08	30,599
2012	동대문구	이문1동	33,770	1.04	32,471
2012	동대문구	이문2동	23,673	0.69	34,309
2012	중랑구	소계	423,655	18.5	22,904
2012	중랑구	면목2동	28,404	0.73	38,910
2012	중랑구	면목4동	22,634	1.11	20,391
2012	중랑구	면목5동	14,407	0.64	22,511
2012	중랑구	면목7동	25,877	0.87	29,744
2012	중랑구	상봉1동	25,826	0.85	30,384
2012	중랑구	상봉2동	18,758	0.68	27,585
2012	중랑구	중화1동	21,787	0.68	32,040
2012	중랑구	중화2동	31,005	0.98	31,638
2012	중랑구	묵1동	36,259	1.2	30,216
2012	중랑구	묵2동	20,267	0.7	28,953
2012	중랑구	망우3동	19,400	0.99	19,596
2012	중랑구	신내1동	32,199	2.53	12,727
2012	중랑구	신내2동	25,181	0.99	25,435
2012	중랑구	면목본동	37,090	1.01	36,723
2012	중랑구	면목3.8동	29,569	1.67	17,706
2012	중랑구	망우본동	34,992	2.88	12,150
2012	성북구	소계	490,639	24.57	19,968
2012	성북구	돈암1동	16,706	2.86	5,841
2012	성북구	돈암2동	23,373	0.92	25,405
2012	성북구	안암동	18,392	0.73	25,195
2012	성북구	보문동	14,422	0.49	29,433
2012	성북구	정릉1동	20,659	0.48	43,040
2012	성북구	정릉2동	24,616	1.33	18,508
2012	성북구	정릉3동	18,502	0.56	33,039
2012	성북구	정릉4동	28,171	0.44	64,025
2012	성북구	길음1동	37,394	1.17	31,961
2012	성북구	길음2동	21,138	3.71	5,698
2012	성북구	월곡1동	29,335	3.13	9,372
2012	성북구	월곡2동	21,867	0.79	27,680
2012	성북구	장위1동	26,259	0.58	45,274
2012	성북구	장위2동	22,898	1.46	15,684
2012	성북구	장위3동	19,300	0.81	23,827
2012	성북구	성북동	19,636	1.36	14,438
2012	성북구	삼선동	28,877	0.7	41,253
2012	성북구	동선동	16,982	0.67	25,346
2012	성북구	종암동	43,886	0.65	67,517
2012	성북구	석관동	38,226	1.73	22,096
2012	강북구	소계	346,493	23.6	14,684
2012	강북구	번1동	21,222	0.55	38,585
2012	강북구	번2동	19,877	1.25	15,902
2012	강북구	번3동	21,309	0.86	24,778
2012	강북구	수유1동	23,557	1.07	22,016
2012	강북구	수유2동	23,347	0.73	31,982
2012	강북구	수유3동	24,201	0.86	28,141
2012	강북구	삼양동	31,872	0.95	33,549
2012	강북구	미아동	24,615	0.73	33,719
2012	강북구	송중동	33,998	1.22	27,867
2012	강북구	송천동	32,293	0.88	36,697
2012	강북구	삼각산동	34,542	0.62	55,713
2012	강북구	우이동	21,734	10.95	1,985
2012	강북구	인수동	33,926	2.93	11,579
2012	도봉구	소계	364,454	20.7	17,605
2012	도봉구	쌍문1동	22,320	1.24	18,000
2012	도봉구	쌍문2동	21,727	0.54	40,235
2012	도봉구	쌍문3동	18,767	0.5	37,534
2012	도봉구	쌍문4동	21,798	0.52	41,919
2012	도봉구	방학1동	32,448	0.69	47,026
2012	도봉구	방학2동	23,957	0.74	32,374
2012	도봉구	방학3동	32,106	2.64	12,161
2012	도봉구	창1동	28,661	0.88	32,569
2012	도봉구	창2동	31,719	1.07	29,644
2012	도봉구	창3동	16,089	0.67	24,013
2012	도봉구	창4동	30,897	0.96	32,184
2012	도봉구	창5동	27,914	0.7	39,877
2012	도봉구	도봉1동	24,638	8.72	2,825
2012	도봉구	도봉2동	31,413	0.83	37,847
2012	노원구	소계	600,829	35.44	16,955
2012	노원구	월계1동	23,366	1.16	20,143
2012	노원구	월계2동	30,680	1.94	15,814
2012	노원구	월계3동	35,986	1.17	30,757
2012	노원구	공릉2동	47,260	6.82	6,930
2012	노원구	하계1동	30,877	1.55	19,921
2012	노원구	하계2동	25,914	0.51	50,812
2012	노원구	중계본동	30,010	1.97	15,234
2012	노원구	중계1동	30,489	0.63	48,395
2012	노원구	중계4동	22,599	0.9	25,110
2012	노원구	상계1동	44,358	5.62	7,893
2012	노원구	상계2동	22,596	0.61	37,043
2012	노원구	상계5동	24,398	0.44	55,450
2012	노원구	상계8동	27,421	0.67	40,927
2012	노원구	상계9동	24,816	0.81	30,637
2012	노원구	상계10동	20,711	0.8	25,889
2012	노원구	상계3.4동	39,274	5.62	6,988
2012	노원구	상계6.7동	37,203	1.11	33,516
2012	노원구	중계2.3동	42,416	1.7	24,951
2012	노원구	공릉1동	40,455	1.41	28,691
2012	은평구	소계	505,902	29.7	17,035
2012	은평구	녹번동	33,447	1.79	18,692
2012	은평구	불광1동	42,182	3.13	13,477
2012	은평구	갈현1동	26,489	0.97	27,308
2012	은평구	갈현2동	28,903	0.96	30,107
2012	은평구	구산동	34,279	1.38	24,813
2012	은평구	대조동	32,042	0.85	37,751
2012	은평구	응암1동	32,281	1.2	26,901
2012	은평구	응암2동	26,330	0.78	33,756
2012	은평구	신사1동	28,328	0.84	33,724
2012	은평구	신사2동	23,224	1	23,224
2012	은평구	증산동	21,269	0.81	26,362
2012	은평구	수색동	19,747	1.29	15,290
2012	은평구	진관동	49,691	11.52	4,313
2012	은평구	불광2동	30,564	1.38	22,148
2012	은평구	응암3동	27,898	0.63	44,283
2012	은평구	역촌동	49,228	1.16	42,502
2012	서대문구	소계	324,733	17.61	18,444
2012	서대문구	천연동	20,457	0.97	21,090
2012	서대문구	홍제1동	27,841	1.23	22,635
2012	서대문구	홍제3동	20,292	0.82	24,746
2012	서대문구	홍제2동	15,927	1.06	15,025
2012	서대문구	홍은1동	26,748	1.58	16,929
2012	서대문구	홍은2동	30,100	2.06	14,612
2012	서대문구	남가좌1동	4,040	0.49	8,245
2012	서대문구	남가좌2동	30,972	0.78	39,708
2012	서대문구	북가좌1동	17,067	0.54	31,606
2012	서대문구	북가좌2동	34,308	0.85	40,362
2012	서대문구	충현동	20,749	1.08	19,212
2012	서대문구	북아현동	11,227	0.46	24,407
2012	서대문구	신촌동	21,586	2.63	8,208
2012	서대문구	연희동	43,419	3.05	14,236
2012	마포구	소계	393,576	23.84	16,511
2012	마포구	용강동	19,333	0.84	23,015
2012	마포구	대흥동	15,889	0.88	18,056
2012	마포구	염리동	18,047	0.43	41,970
2012	마포구	신수동	22,237	0.78	28,511
2012	마포구	서교동	29,491	1.65	17,873
2012	마포구	합정동	20,605	1.69	12,192
2012	마포구	망원1동	24,534	1.14	21,521
2012	마포구	망원2동	21,350	0.67	31,866
2012	마포구	연남동	20,202	0.65	31,157
2012	마포구	성산1동	21,372	0.8	26,715
2012	마포구	성산2동	40,975	2.07	19,773
2012	마포구	상암동	33,618	8.4	4,004
2012	마포구	도화동	23,725	0.62	38,257
2012	마포구	서강동	25,616	1.45	17,666
2012	마포구	공덕동	37,138	1.01	36,773
2012	마포구	아현동	19,444	0.76	25,586
2012	양천구	소계	500,533	17.4	28,769
2012	양천구	목1동	33,320	1.41	23,631
2012	양천구	목2동	31,953	1.03	31,022
2012	양천구	목3동	23,230	0.53	43,830
2012	양천구	목4동	28,762	0.57	50,460
2012	양천구	신월1동	25,070	1.8	13,928
2012	양천구	신월2동	21,114	0.65	32,483
2012	양천구	신월3동	17,994	0.61	29,498
2012	양천구	신월4동	19,264	0.87	22,143
2012	양천구	신월5동	16,378	0.52	31,496
2012	양천구	신월6동	13,031	0.69	18,886
2012	양천구	신월7동	25,210	0.41	61,488
2012	양천구	신정1동	20,503	1.19	17,229
2012	양천구	신정2동	22,634	0.7	32,334
2012	양천구	신정3동	58,364	0.52	112,238
2012	양천구	신정6동	27,115	2.72	9,969
2012	양천구	신정7동	33,238	1.01	32,909
2012	양천구	목5동	45,733	0.96	47,639
2012	양천구	신정4동	37,619	1.21	31,090
2012	양천구	기타	1	-	-
2012	강서구	소계	573,794	41.43	13,851
2012	강서구	염창동	42,695	1.74	24,537
2012	강서구	등촌1동	22,706	0.59	38,485
2012	강서구	등촌2동	22,254	0.92	24,189
2012	강서구	등촌3동	37,491	0.79	47,457
2012	강서구	화곡본동	37,006	1.11	33,339
2012	강서구	화곡2동	20,661	0.47	43,960
2012	강서구	화곡3동	24,262	0.51	47,573
2012	강서구	화곡4동	23,405	0.82	28,543
2012	강서구	화곡6동	25,446	1.11	22,924
2012	강서구	화곡8동	27,744	0.53	52,347
2012	강서구	가양1동	20,676	4.7	4,399
2012	강서구	가양2동	17,967	1	17,967
2012	강서구	가양3동	18,847	0.99	19,037
2012	강서구	발산1동	33,268	2.96	11,239
2012	강서구	공항동	22,421	10.88	2,061
2012	강서구	방화1동	31,155	1.04	29,957
2012	강서구	방화2동	26,109	6.41	4,073
2012	강서구	방화3동	27,479	2.38	11,546
2012	강서구	화곡1동	52,354	1.12	46,745
2012	강서구	우장산동	39,848	1.36	29,300
2012	구로구	소계	454,478	20.12	22,589
2012	구로구	신도림동	38,378	1.47	26,107
2012	구로구	구로1동	23,320	1.02	22,863
2012	구로구	구로3동	28,948	1.02	28,380
2012	구로구	구로4동	30,490	0.46	66,283
2012	구로구	구로5동	35,276	1.03	34,249
2012	구로구	고척1동	25,668	1.16	22,128
2012	구로구	고척2동	31,570	1.02	30,951
2012	구로구	개봉2동	35,133	0.8	43,916
2012	구로구	개봉3동	22,565	0.81	27,858
2012	구로구	오류1동	21,578	0.59	36,573
2012	구로구	오류2동	40,874	4.6	8,886
2012	구로구	수궁동	25,979	2.67	9,730
2012	구로구	가리봉동	20,359	0.4	50,898
2012	구로구	구로2동	39,579	1.76	22,488
2012	구로구	개봉1동	34,759	1.31	26,534
2012	구로구	기타	2	-	-
2012	금천구	소계	260,734	13	20,055
2012	금천구	가산동	23,901	2.5	9,560
2012	금천구	독산1동	35,601	2.08	17,116
2012	금천구	독산2동	24,050	0.61	39,426
2012	금천구	독산3동	31,752	0.92	34,513
2012	금천구	독산4동	20,371	0.59	34,527
2012	금천구	시흥1동	38,386	1.71	22,448
2012	금천구	시흥2동	25,237	1.26	20,029
2012	금천구	시흥3동	12,821	1.07	11,982
2012	금천구	시흥4동	24,511	0.87	28,174
2012	금천구	시흥5동	24,104	1.39	17,341
2012	영등포구	소계	426,876	24.55	17,386
2012	영등포구	여의동	34,364	8.4	4,091
2012	영등포구	당산1동	21,246	0.75	28,328
2012	영등포구	당산2동	34,437	1.55	22,217
2012	영등포구	양평1동	17,656	0.88	20,064
2012	영등포구	양평2동	22,514	3	7,505
2012	영등포구	신길1동	23,813	0.66	36,080
2012	영등포구	신길3동	17,786	0.48	37,054
2012	영등포구	신길4동	13,946	0.35	39,846
2012	영등포구	신길5동	19,728	0.47	41,974
2012	영등포구	신길6동	24,791	0.68	36,457
2012	영등포구	신길7동	15,864	0.64	24,788
2012	영등포구	대림1동	19,998	0.49	40,812
2012	영등포구	대림2동	25,417	0.55	46,213
2012	영등포구	대림3동	31,881	1	31,881
2012	영등포구	영등포본동	28,024	1.02	27,475
2012	영등포구	영등포동	20,801	1.26	16,509
2012	영등포구	도림동	21,841	0.89	24,540
2012	영등포구	문래동	32,758	1.49	21,985
2012	영등포구	기타	11	-	-
2012	동작구	소계	416,268	16.35	25,456
2012	동작구	노량진2동	16,697	0.65	25,688
2012	동작구	상도1동	43,787	1.51	28,998
2012	동작구	상도2동	26,232	0.97	27,043
2012	동작구	상도3동	24,985	0.6	41,642
2012	동작구	상도4동	30,065	0.75	40,087
2012	동작구	사당1동	24,361	0.79	30,837
2012	동작구	사당3동	26,396	0.92	28,691
2012	동작구	사당4동	15,380	0.38	40,474
2012	동작구	사당5동	15,612	0.57	27,389
2012	동작구	대방동	40,795	1.55	26,319
2012	동작구	신대방1동	28,931	0.62	46,663
2012	동작구	신대방2동	21,431	1.03	20,807
2012	동작구	흑석동	36,533	1.68	21,746
2012	동작구	노량진1동	35,008	1.58	22,157
2012	동작구	사당2동	30,050	2.75	10,927
2012	동작구	기타	5	-	-
2012	관악구	소계	540,520	29.57	18,280
2012	관악구	보라매동	28,345	0.78	36,340
2012	관악구	청림동	17,288	0.79	21,884
2012	관악구	행운동	30,334	0.68	44,609
2012	관악구	낙성대동	18,327	0.39	46,992
2012	관악구	중앙동	15,279	0.32	47,747
2012	관악구	인헌동	28,769	0.69	41,694
2012	관악구	남현동	18,368	1.18	15,566
2012	관악구	서원동	24,274	1.8	13,486
2012	관악구	신원동	20,484	1.53	13,388
2012	관악구	서림동	24,916	3.27	7,620
2012	관악구	신사동	26,716	0.54	49,474
2012	관악구	신림동	23,553	0.64	36,802
2012	관악구	난향동	17,899	0.67	26,715
2012	관악구	조원동	19,744	1.35	14,625
2012	관악구	대학동	24,078	0.98	24,569
2012	관악구	은천동	37,105	0.82	45,250
2012	관악구	성현동	35,003	0.65	53,851
2012	관악구	청룡동	34,411	0.54	63,724
2012	관악구	난곡동	31,240	0.98	31,878
2012	관악구	삼성동	29,711	3.05	9,741
2012	관악구	미성동	34,676	7.92	4,378
2012	서초구	소계	439,998	47	9,361
2012	서초구	서초1동	21,884	1.42	15,411
2012	서초구	서초2동	23,783	1.24	19,180
2012	서초구	서초3동	31,219	2.93	10,655
2012	서초구	서초4동	30,880	0.88	35,091
2012	서초구	잠원동	35,984	1.76	20,445
2012	서초구	반포본동	13,664	1.01	13,529
2012	서초구	반포1동	34,318	1	34,318
2012	서초구	반포2동	21,970	1.35	16,274
2012	서초구	반포3동	24,456	1.28	19,106
2012	서초구	반포4동	20,940	1.43	14,643
2012	서초구	방배본동	22,338	0.67	33,340
2012	서초구	방배1동	17,379	0.7	24,827
2012	서초구	방배2동	27,850	1.93	14,430
2012	서초구	방배3동	25,925	2.4	10,802
2012	서초구	방배4동	26,178	0.98	26,712
2012	서초구	양재1동	31,954	5.76	5,548
2012	서초구	양재2동	23,386	7.58	3,085
2012	서초구	내곡동	5,890	12.68	465
2012	강남구	소계	569,997	39.5	14,431
2012	강남구	신사동	20,306	1.89	10,744
2012	강남구	논현1동	26,651	1.25	21,321
2012	강남구	논현2동	22,658	1.46	15,519
2012	강남구	삼성1동	16,190	1.94	8,345
2012	강남구	삼성2동	32,721	1.24	26,388
2012	강남구	대치1동	20,603	0.79	26,080
2012	강남구	대치4동	22,315	0.73	30,568
2012	강남구	역삼1동	36,194	2.35	15,402
2012	강남구	역삼2동	35,480	1.15	30,852
2012	강남구	도곡1동	22,978	1.02	22,527
2012	강남구	도곡2동	34,429	1.02	33,754
2012	강남구	개포1동	23,353	1.27	18,388
2012	강남구	개포4동	23,897	1.49	16,038
2012	강남구	일원본동	23,210	2.58	8,996
2012	강남구	일원1동	18,954	0.92	20,602
2012	강남구	일원2동	19,212	1.24	15,494
2012	강남구	수서동	16,831	1.43	11,770
2012	강남구	세곡동	14,400	6.36	2,264
2012	강남구	압구정동	29,630	2.53	11,711
2012	강남구	청담동	31,791	2.33	13,644
2012	강남구	대치2동	43,193	2	21,597
2012	강남구	개포2동	34,999	2.51	13,944
2012	강남구	기타	2	-	-
2012	송파구	소계	680,150	33.88	20,078
2012	송파구	풍납1동	19,974	0.77	25,940
2012	송파구	풍납2동	28,831	1.59	18,133
2012	송파구	거여1동	16,084	0.67	24,006
2012	송파구	거여2동	28,458	1.69	16,839
2012	송파구	마천1동	24,536	0.55	44,611
2012	송파구	마천2동	22,469	0.92	24,423
2012	송파구	방이1동	17,461	0.5	34,922
2012	송파구	방이2동	26,202	0.8	32,753
2012	송파구	오륜동	20,394	3.17	6,433
2012	송파구	오금동	38,747	1.65	23,483
2012	송파구	송파1동	27,875	0.79	35,285
2012	송파구	송파2동	22,931	0.53	43,266
2012	송파구	석촌동	36,060	0.95	37,958
2012	송파구	삼전동	35,278	0.95	37,135
2012	송파구	가락본동	29,975	1.13	26,527
2012	송파구	가락1동	6,591	1.34	4,919
2012	송파구	가락2동	36,265	0.96	37,776
2012	송파구	문정1동	22,751	0.56	40,627
2012	송파구	문정2동	15,955	2.2	7,252
2012	송파구	장지동	37,635	2.6	14,475
2012	송파구	잠실본동	31,356	0.94	33,357
2012	송파구	잠실4동	31,511	1.56	20,199
2012	송파구	잠실6동	17,432	2.79	6,248
2012	송파구	잠실7동	10,794	0.6	17,990
2012	송파구	잠실2동	37,101	2.18	17,019
2012	송파구	잠실3동	37,484	1.49	25,157
2012	강동구	소계	492,728	24.59	20,042
2012	강동구	강일동	34,701	2.8	12,393
2012	강동구	상일동	27,912	2.66	10,493
2012	강동구	명일1동	28,642	0.61	46,954
2012	강동구	명일2동	19,064	0.97	19,654
2012	강동구	고덕1동	17,558	1.73	10,149
2012	강동구	고덕2동	18,163	2.01	9,036
2012	강동구	암사2동	16,530	1.18	14,008
2012	강동구	암사3동	19,083	2.51	7,603
2012	강동구	천호1동	32,013	0.71	45,089
2012	강동구	천호3동	26,970	0.79	34,139
2012	강동구	성내1동	20,147	0.58	34,736
2012	강동구	성내2동	27,162	0.67	40,540
2012	강동구	성내3동	25,623	0.71	36,089
2012	강동구	둔촌1동	20,258	0.92	22,020
2012	강동구	둔촌2동	29,655	1.54	19,256
2012	강동구	암사1동	39,384	1.01	38,994
2012	강동구	천호2동	38,480	1.57	24,510
2012	강동구	길동	51,382	1.61	31,914
2012	강동구	기타	1	-	-