기간	컬럼1	컬럼2	출생	출생	출생	사망	사망	사망
기간	컬럼1	컬럼2	계	남자	여자	계	남자	여자
2008	합계	합계	94,736	48,826	45,910	38,298	21,455	16,843
2008	종로구	소계	1,176	628	548	824	472	352
2008	종로구	사직동	79	43	36	38	21	17
2008	종로구	삼청동	26	15	11	28	12	16
2008	종로구	부암동	50	25	25	58	32	26
2008	종로구	평창동	120	64	56	95	49	46
2008	종로구	무악동	51	29	22	31	19	12
2008	종로구	교남동	81	40	41	50	25	25
2008	종로구	가회동	34	19	15	31	16	15
2008	종로구	종로1.2.3.4가동	57	29	28	60	40	20
2008	종로구	종로5·6가동	31	22	9	35	25	10
2008	종로구	이화동	64	39	25	57	33	24
2008	종로구	혜화동	81	45	36	44	24	20
2008	종로구	명륜3가동	28	20	8	20	10	10
2008	종로구	창신1동	51	25	26	43	32	11
2008	종로구	창신2동	82	39	43	59	32	27
2008	종로구	창신3동	87	51	36	29	16	13
2008	종로구	숭인1동	68	27	41	35	19	16
2008	종로구	숭인2동	64	33	31	36	27	9
2008	종로구	청운효자동	117	63	54	75	40	35
2008	종로구	미상	5	-	5	-	-	-
2008	중구	소계	1,141	575	566	633	388	245
2008	중구	소공동	10	6	4	8	5	3
2008	중구	회현동	25	16	9	40	28	12
2008	중구	명동	14	8	6	22	14	8
2008	중구	필동	31	21	10	29	20	9
2008	중구	장충동	40	20	20	20	10	10
2008	중구	광희동	31	17	14	26	16	10
2008	중구	을지로동	8	3	5	17	12	5
2008	중구	신당1동	49	26	23	49	35	14
2008	중구	신당2동	158	78	80	52	34	18
2008	중구	신당3동	227	106	121	92	58	34
2008	중구	신당4동	165	91	74	66	35	31
2008	중구	신당5동	65	30	35	46	25	21
2008	중구	신당6동	93	45	48	48	27	21
2008	중구	황학동	102	47	55	48	31	17
2008	중구	중림동	118	60	58	70	38	32
2008	중구	미상	5	1	4	-	-	-
2008	용산구	소계	2,332	1,178	1,154	1,066	603	463
2008	용산구	후암동	154	75	79	102	60	42
2008	용산구	용산2가동	97	50	47	62	37	25
2008	용산구	남영동	62	26	36	64	47	17
2008	용산구	원효로2동	207	112	95	64	36	28
2008	용산구	효창동	108	49	59	52	28	24
2008	용산구	용문동	141	74	67	47	25	22
2008	용산구	이촌1동	289	149	140	89	44	45
2008	용산구	이촌2동	159	83	76	37	20	17
2008	용산구	이태원1동	56	26	30	53	30	23
2008	용산구	이태원2동	110	48	62	53	31	22
2008	용산구	서빙고동	107	56	51	57	41	16
2008	용산구	보광동	133	71	62	95	48	47
2008	용산구	청파동	201	107	94	90	51	39
2008	용산구	원효로1동	159	76	83	44	28	16
2008	용산구	한강로동	136	64	72	50	25	25
2008	용산구	한남동	203	106	97	107	52	55
2008	용산구	미상	10	6	4	-	-	-
2008	성동구	소계	3,372	1,758	1,614	1,296	741	555
2008	성동구	왕십리2동	185	97	88	67	32	35
2008	성동구	마장동	262	138	124	109	57	52
2008	성동구	사근동	62	32	30	45	32	13
2008	성동구	행당1동	203	106	97	77	40	37
2008	성동구	행당2동	296	154	142	82	51	31
2008	성동구	응봉동	212	116	96	64	32	32
2008	성동구	금호1가동	211	118	93	100	56	44
2008	성동구	금호4가동	213	104	109	61	41	20
2008	성동구	성수1가1동	207	105	102	70	30	40
2008	성동구	성수1가2동	228	104	124	51	26	25
2008	성동구	성수2가1동	185	94	91	66	37	29
2008	성동구	성수2가3동	120	68	52	46	24	22
2008	성동구	송정동	91	44	47	48	34	14
2008	성동구	용답동	126	75	51	72	43	29
2008	성동구	왕십리도선동	171	80	91	91	61	30
2008	성동구	금호2.3가동	279	151	128	126	69	57
2008	성동구	옥수동	308	169	139	121	76	45
2008	성동구	미상	13	3	10	-	-	-
2008	광진구	소계	3,479	1,823	1,656	1,178	670	508
2008	광진구	화양동	157	81	76	76	44	32
2008	광진구	군자동	177	93	84	108	72	36
2008	광진구	중곡1동	198	100	98	67	34	33
2008	광진구	중곡2동	178	92	86	68	37	31
2008	광진구	중곡3동	161	82	79	60	33	27
2008	광진구	중곡4동	264	132	132	103	65	38
2008	광진구	능동	118	66	52	22	10	12
2008	광진구	구의1동	281	157	124	78	47	31
2008	광진구	구의2동	239	130	109	71	38	33
2008	광진구	구의3동	299	158	141	75	43	32
2008	광진구	광장동	281	138	143	93	51	42
2008	광진구	자양1동	250	135	115	106	66	40
2008	광진구	자양2동	288	149	139	74	36	38
2008	광진구	자양3동	351	184	167	85	44	41
2008	광진구	자양4동	222	115	107	92	50	42
2008	광진구	미상	15	11	4	-	-	-
2008	동대문구	소계	3,236	1,653	1,583	1,622	979	643
2008	동대문구	신설동	40	25	15	26	18	8
2008	동대문구	제기1동	109	64	45	93	52	41
2008	동대문구	제기2동	120	60	60	69	46	23
2008	동대문구	전농1동	105	42	63	89	54	35
2008	동대문구	전농3동	131	53	78	71	40	31
2008	동대문구	답십리1동	102	54	48	68	43	25
2008	동대문구	답십리2동	141	72	69	55	34	21
2008	동대문구	답십리4동	179	92	87	59	30	29
2008	동대문구	장안1동	145	69	76	75	45	30
2008	동대문구	장안2동	246	127	119	44	32	12
2008	동대문구	장안3동	215	104	111	51	34	17
2008	동대문구	장안4동	105	46	59	61	39	22
2008	동대문구	회기동	95	49	46	36	21	15
2008	동대문구	휘경1동	165	84	81	77	50	27
2008	동대문구	휘경2동	226	114	112	83	49	34
2008	동대문구	이문1동	120	61	59	67	40	27
2008	동대문구	이문2동	143	80	63	66	36	30
2008	동대문구	이문3동	258	142	116	77	40	37
2008	동대문구	용두동	150	76	74	131	75	56
2008	동대문구	전농2동	121	65	56	113	72	41
2008	동대문구	답십리3동	139	76	63	64	40	24
2008	동대문구	청량리동	168	90	78	147	89	58
2008	동대문구	미상	13	8	5	-	-	-
2008	중랑구	소계	3,711	1,873	1,838	1,779	969	810
2008	중랑구	면목2동	249	134	115	131	69	62
2008	중랑구	면목4동	230	119	111	96	48	48
2008	중랑구	면목5동	112	60	52	73	42	31
2008	중랑구	면목7동	248	140	108	93	55	38
2008	중랑구	상봉1동	207	112	95	103	53	50
2008	중랑구	상봉2동	186	86	100	71	39	32
2008	중랑구	중화1동	247	133	114	106	68	38
2008	중랑구	중화2동	244	114	130	120	60	60
2008	중랑구	묵1동	299	145	154	128	72	56
2008	중랑구	묵2동	149	83	66	93	56	37
2008	중랑구	망우3동	170	77	93	111	65	46
2008	중랑구	신내1동	229	111	118	142	65	77
2008	중랑구	신내2동	316	158	158	99	55	44
2008	중랑구	면목본동	290	139	151	123	66	57
2008	중랑구	면목3.8동	248	120	128	126	68	58
2008	중랑구	망우본동	270	130	140	162	88	74
2008	중랑구	미상	17	12	5	2	-	2
2008	성북구	소계	4,415	2,260	2,155	2,013	1,120	893
2008	성북구	돈암1동	166	88	78	78	43	35
2008	성북구	돈암2동	246	129	117	84	51	33
2008	성북구	안암동	115	52	63	74	44	30
2008	성북구	보문동	133	66	67	83	44	39
2008	성북구	정능1동	162	89	73	79	38	41
2008	성북구	정능2동	258	128	130	103	57	46
2008	성북구	정능3동	167	79	88	92	53	39
2008	성북구	정능4동	327	163	164	133	73	60
2008	성북구	길음1동	408	209	199	102	48	54
2008	성북구	길음2동	193	97	96	96	52	44
2008	성북구	월곡1동	302	162	140	122	63	59
2008	성북구	월곡2동	232	116	116	84	51	33
2008	성북구	장위1동	240	121	119	141	87	54
2008	성북구	장위2동	177	84	93	120	70	50
2008	성북구	장위3동	133	73	60	90	52	38
2008	성북구	성북동	157	82	75	83	50	33
2008	성북구	삼선동	249	137	112	117	65	52
2008	성북구	동선동	104	50	54	58	37	21
2008	성북구	종암동	324	175	149	139	74	65
2008	성북구	석관동	305	149	156	134	68	66
2008	성북구	미상	17	11	6	1	-	1
2008	강북구	소계	2,858	1,441	1,417	1,585	915	670
2008	강북구	번1동	181	79	102	81	47	34
2008	강북구	번2동	189	103	86	99	58	41
2008	강북구	번3동	190	92	98	119	70	49
2008	강북구	수유1동	167	82	85	124	74	50
2008	강북구	수유2동	193	112	81	123	66	57
2008	강북구	수유3동	212	122	90	108	63	45
2008	강북구	삼양동	336	152	184	183	118	65
2008	강북구	미아동	249	115	134	137	92	45
2008	강북구	송중동	267	133	134	118	65	53
2008	강북구	송천동	254	128	126	141	71	70
2008	강북구	삼각산동	240	123	117	95	42	53
2008	강북구	우이동	141	77	64	110	66	44
2008	강북구	인수동	227	115	112	147	83	64
2008	강북구	미상	12	8	4	-	-	-
2008	도봉구	소계	3,035	1,589	1,446	1,441	817	624
2008	도봉구	쌍문1동	176	95	81	99	55	44
2008	도봉구	쌍문2동	158	82	76	77	41	36
2008	도봉구	쌍문3동	183	96	87	75	43	32
2008	도봉구	쌍문4동	120	70	50	77	39	38
2008	도봉구	방학1동	250	135	115	133	73	60
2008	도봉구	방학2동	165	95	70	102	60	42
2008	도봉구	방학3동	209	102	107	123	73	50
2008	도봉구	창1동	275	151	124	106	54	52
2008	도봉구	창2동	326	170	156	97	51	46
2008	도봉구	창3동	144	77	67	81	43	38
2008	도봉구	창4동	300	153	147	95	62	33
2008	도봉구	창5동	257	123	134	97	57	40
2008	도봉구	도봉1동	164	88	76	148	86	62
2008	도봉구	도봉2동	296	144	152	131	80	51
2008	도봉구	미상	12	8	4	-	-	-
2008	노원구	소계	5,721	2,951	2,770	2,485	1,365	1,120
2008	노원구	월계1동	255	132	123	67	34	33
2008	노원구	월계2동	291	154	137	158	91	67
2008	노원구	월계3동	412	219	193	101	56	45
2008	노원구	월계4동	177	95	82	124	67	57
2008	노원구	공릉2동	483	251	232	146	84	62
2008	노원구	하계1동	153	81	72	162	89	73
2008	노원구	하계2동	186	96	90	82	44	38
2008	노원구	중계본동	114	53	61	101	61	40
2008	노원구	중계1동	113	52	61	110	52	58
2008	노원구	중계2동	238	116	122	87	43	44
2008	노원구	중계3동	175	89	86	152	94	58
2008	노원구	중계4동	179	96	83	99	55	44
2008	노원구	상계1동	330	163	167	203	102	101
2008	노원구	상계2동	135	69	66	79	51	28
2008	노원구	상계5동	217	121	96	105	56	49
2008	노원구	상계8동	477	243	234	82	42	40
2008	노원구	상계9동	315	165	150	83	46	37
2008	노원구	상계10동	267	144	123	62	31	31
2008	노원구	공릉1.3동	426	224	202	166	89	77
2008	노원구	상계3.4동	320	159	161	215	116	99
2008	노원구	상계6.7동	435	213	222	101	62	39
2008	노원구	미상	23	16	7	-	-	-
2008	은평구	소계	3,856	2,019	1,837	1,918	1,133	785
2008	은평구	녹번동	367	190	177	137	75	62
2008	은평구	불광1동	252	148	104	131	75	56
2008	은평구	갈현1동	215	116	99	115	62	53
2008	은평구	갈현2동	208	100	108	108	61	47
2008	은평구	구산동	213	108	105	198	150	48
2008	은평구	대조동	278	152	126	138	76	62
2008	은평구	응암1동	333	162	171	132	82	50
2008	은평구	응암2동	117	56	61	100	61	39
2008	은평구	신사1동	262	142	120	113	70	43
2008	은평구	신사2동	191	102	89	89	52	37
2008	은평구	증산동	217	118	99	92	52	40
2008	은평구	수색동	212	113	99	94	52	42
2008	은평구	진관동	66	28	38	29	13	16
2008	은평구	불광2동	244	138	106	157	96	61
2008	은평구	응암3동	221	124	97	122	76	46
2008	은평구	역촌동	445	215	230	163	80	83
2008	은평구	미상	15	7	8	-	-	-
2008	서대문구	소계	2,937	1,518	1,419	1,456	830	626
2008	서대문구	천연동	228	120	108	76	50	26
2008	서대문구	홍제1동	372	193	179	154	92	62
2008	서대문구	홍제3동	163	87	76	112	58	54
2008	서대문구	홍제2동	61	30	31	41	23	18
2008	서대문구	홍은1동	219	115	104	123	73	50
2008	서대문구	홍은2동	236	124	112	123	71	52
2008	서대문구	남가좌1동	101	46	55	79	44	35
2008	서대문구	남가좌2동	246	119	127	140	80	60
2008	서대문구	북가좌1동	176	99	77	70	40	30
2008	서대문구	북가좌2동	320	159	161	127	68	59
2008	서대문구	충현동	176	86	90	91	46	45
2008	서대문구	북아현동	173	98	75	75	46	29
2008	서대문구	신촌동	101	46	55	73	42	31
2008	서대문구	연희동	352	184	168	172	97	75
2008	서대문구	미상	13	12	1	-	-	-
2008	마포구	소계	4,144	2,175	1,969	1,500	890	610
2008	마포구	용강동	306	169	137	83	48	35
2008	마포구	대흥동	113	48	65	69	46	23
2008	마포구	염리동	157	98	59	81	55	26
2008	마포구	신수동	265	143	122	83	46	37
2008	마포구	서교동	210	111	99	89	52	37
2008	마포구	합정동	215	109	106	95	56	39
2008	마포구	망원1동	263	138	125	103	69	34
2008	마포구	망원2동	227	104	123	76	43	33
2008	마포구	연남동	161	83	78	79	53	26
2008	마포구	성산1동	208	101	107	75	40	35
2008	마포구	성산2동	499	262	237	146	90	56
2008	마포구	상암동	298	160	138	75	42	33
2008	마포구	도화동	267	148	119	79	54	25
2008	마포구	서강동	313	187	126	79	35	44
2008	마포구	공덕동	387	190	197	178	98	80
2008	마포구	아현동	237	110	127	110	63	47
2008	마포구	미상	18	14	4	-	-	-
2008	양천구	소계	4,110	2,127	1,983	1,693	958	735
2008	양천구	목1동	234	124	110	81	29	52
2008	양천구	목2동	292	156	136	96	59	37
2008	양천구	목3동	241	119	122	93	50	43
2008	양천구	목4동	186	94	92	92	50	42
2008	양천구	신월1동	214	118	96	96	56	40
2008	양천구	신월2동	232	115	117	87	58	29
2008	양천구	신월3동	154	87	67	64	41	23
2008	양천구	신월4동	201	101	100	61	34	27
2008	양천구	신월5동	104	49	55	60	32	28
2008	양천구	신월6동	132	66	66	69	37	32
2008	양천구	신월7동	300	149	151	99	60	39
2008	양천구	신정1동	139	69	70	101	63	38
2008	양천구	신정2동	114	64	50	69	39	30
2008	양천구	신정3동	564	298	266	164	98	66
2008	양천구	신정6동	185	92	93	61	39	22
2008	양천구	신정7동	243	128	115	121	70	51
2008	양천구	목5동	156	76	80	134	61	73
2008	양천구	신정4동	403	214	189	145	82	63
2008	양천구	미상	16	8	8	-	-	-
2008	강서구	소계	5,979	3,006	2,973	2,146	1,137	1,009
2008	강서구	염창동	498	241	257	86	45	41
2008	강서구	등촌1동	257	137	120	76	39	37
2008	강서구	등촌2동	163	79	84	71	38	33
2008	강서구	등촌3동	296	152	144	212	118	94
2008	강서구	화곡본동	469	227	242	124	68	56
2008	강서구	화곡2동	231	121	110	60	28	32
2008	강서구	화곡3동	190	102	88	126	53	73
2008	강서구	화곡4동	207	106	101	70	38	32
2008	강서구	화곡6동	250	114	136	71	36	35
2008	강서구	화곡8동	343	172	171	87	52	35
2008	강서구	가양1동	271	148	123	86	48	38
2008	강서구	가양2동	113	57	56	113	57	56
2008	강서구	가양3동	262	118	144	100	46	54
2008	강서구	발산1동	350	195	155	101	52	49
2008	강서구	공항동	277	129	148	79	48	31
2008	강서구	방화1동	345	172	173	127	70	57
2008	강서구	방화2동	243	131	112	135	72	63
2008	강서구	방화3동	291	164	127	139	78	61
2008	강서구	화곡1동	492	244	248	169	91	78
2008	강서구	우장산동	406	181	225	114	60	54
2008	강서구	미상	25	16	9	-	-	-
2008	구로구	소계	4,883	2,503	2,380	1,433	830	603
2008	구로구	신도림동	515	259	256	106	58	48
2008	구로구	구로1동	354	171	183	63	39	24
2008	구로구	구로3동	451	225	226	68	38	30
2008	구로구	구로4동	389	193	196	108	65	43
2008	구로구	구로5동	405	222	183	91	57	34
2008	구로구	고척1동	226	130	96	102	58	44
2008	구로구	고척2동	240	127	113	92	56	36
2008	구로구	개봉2동	399	190	209	122	63	59
2008	구로구	개봉3동	221	120	101	72	40	32
2008	구로구	오류1동	238	119	119	96	50	46
2008	구로구	오류2동	340	177	163	88	52	36
2008	구로구	수궁동	256	152	104	80	42	38
2008	구로구	가리봉동	99	47	52	80	54	26
2008	구로구	구로2동	330	162	168	116	67	49
2008	구로구	개봉1동	401	197	204	149	91	58
2008	구로구	미상	19	12	7	-	-	-
2008	금천구	소계	2,102	1,076	1,026	970	556	414
2008	금천구	가산동	151	76	75	75	49	26
2008	금천구	독산1동	326	174	152	144	83	61
2008	금천구	독산2동	196	106	90	90	56	34
2008	금천구	독산3동	203	94	109	124	70	54
2008	금천구	독산4동	157	79	78	67	35	32
2008	금천구	시흥1동	288	141	147	130	75	55
2008	금천구	시흥2동	228	121	107	84	46	38
2008	금천구	시흥3동	104	57	47	55	28	27
2008	금천구	시흥4동	249	123	126	89	52	37
2008	금천구	시흥5동	192	100	92	112	62	50
2008	금천구	미상	8	5	3	-	-	-
2008	영등포구	소계	4,453	2,266	2,187	1,536	861	675
2008	영등포구	여의도동	259	130	129	87	42	45
2008	영등포구	당산1동	213	110	103	81	43	38
2008	영등포구	당산2동	429	234	195	103	53	50
2008	영등포구	양평1동	313	155	158	50	28	22
2008	영등포구	양평2동	282	144	138	63	40	23
2008	영등포구	신길1동	198	87	111	113	61	52
2008	영등포구	신길3동	206	98	108	80	42	38
2008	영등포구	신길4동	99	41	58	75	42	33
2008	영등포구	신길5동	139	72	67	76	43	33
2008	영등포구	신길6동	252	124	128	87	61	26
2008	영등포구	신길7동	180	93	87	62	30	32
2008	영등포구	대림1동	141	80	61	93	45	48
2008	영등포구	대림2동	201	99	102	66	44	22
2008	영등포구	대림3동	342	185	157	79	51	28
2008	영등포구	영등포본동	260	140	120	100	59	41
2008	영등포구	영등포동	131	62	69	102	69	33
2008	영등포구	도림동	291	140	151	95	43	52
2008	영등포구	문래동	497	261	236	124	65	59
2008	영등포구	미상	20	11	9	-	-	-
2008	동작구	소계	4,044	2,134	1,910	1,540	841	699
2008	동작구	노량진2동	148	74	74	66	36	30
2008	동작구	상도1동	417	207	210	152	83	69
2008	동작구	상도2동	287	156	131	105	64	41
2008	동작구	상도3동	203	90	113	125	64	61
2008	동작구	상도4동	285	156	129	101	52	49
2008	동작구	사당1동	266	143	123	97	40	57
2008	동작구	사당3동	276	143	133	95	48	47
2008	동작구	사당4동	157	81	76	53	33	20
2008	동작구	사당5동	212	114	98	44	26	18
2008	동작구	대방동	355	190	165	144	82	62
2008	동작구	신대방1동	254	138	116	95	60	35
2008	동작구	신대방2동	190	117	73	72	35	37
2008	동작구	흑석동	260	140	120	143	77	66
2008	동작구	노량진1동	343	178	165	137	81	56
2008	동작구	사당2동	373	196	177	110	60	50
2008	동작구	미상	18	11	7	1	-	1
2008	관악구	소계	5,306	2,737	2,569	1,916	1,076	840
2008	관악구	보라매동	289	143	146	121	63	58
2008	관악구	청림동	283	149	134	59	36	23
2008	관악구	행운동	303	155	148	105	63	42
2008	관악구	낙성대동	176	91	85	53	28	25
2008	관악구	중앙동	124	58	66	54	32	22
2008	관악구	인헌동	327	172	155	94	51	43
2008	관악구	남현동	187	92	95	63	34	29
2008	관악구	서원동	313	170	143	101	57	44
2008	관악구	신원동	187	94	93	80	45	35
2008	관악구	서림동	185	106	79	58	37	21
2008	관악구	신사동	223	109	114	78	38	40
2008	관악구	신림동	227	124	103	82	51	31
2008	관악구	난향동	272	149	123	58	24	34
2008	관악구	조원동	149	78	71	60	36	24
2008	관악구	대학동	128	71	57	60	32	28
2008	관악구	은천동	483	250	233	147	86	61
2008	관악구	성현동	394	196	198	137	81	56
2008	관악구	청룡동	263	134	129	119	65	54
2008	관악구	난곡동	245	125	120	133	74	59
2008	관악구	삼성동	233	117	116	126	71	55
2008	관악구	미성동	287	144	143	128	72	56
2008	관악구	미상	28	10	18	-	-	-
2008	서초구	소계	3,846	1,949	1,897	1,139	581	558
2008	서초구	서초1동	324	169	155	71	36	35
2008	서초구	서초2동	244	121	123	47	16	31
2008	서초구	서초3동	254	120	134	91	47	44
2008	서초구	서초4동	174	93	81	60	24	36
2008	서초구	잠원동	391	197	194	84	48	36
2008	서초구	반포본동	112	60	52	46	20	26
2008	서초구	반포1동	138	66	72	44	19	25
2008	서초구	반포2동	96	47	49	32	13	19
2008	서초구	반포3동	196	99	97	54	29	25
2008	서초구	반포4동	168	93	75	52	27	25
2008	서초구	방배본동	251	130	121	78	47	31
2008	서초구	방배1동	146	63	83	63	39	24
2008	서초구	방배2동	274	143	131	91	46	45
2008	서초구	방배3동	196	109	87	72	36	36
2008	서초구	방배4동	215	105	110	63	36	27
2008	서초구	양재1동	330	172	158	102	54	48
2008	서초구	양재2동	262	124	138	51	19	32
2008	서초구	내곡동	60	28	32	38	25	13
2008	서초구	미상	15	10	5	-	-	-
2008	강남구	소계	4,586	2,356	2,230	1,626	827	799
2008	강남구	신사동	153	73	80	49	27	22
2008	강남구	논현1동	211	110	101	73	41	32
2008	강남구	논현2동	210	97	113	70	39	31
2008	강남구	압구정1동	144	67	77	81	43	38
2008	강남구	압구정2동	113	60	53	33	15	18
2008	강남구	청담1동	129	61	68	67	36	31
2008	강남구	청담2동	128	70	58	27	9	18
2008	강남구	삼성1동	130	62	68	38	16	22
2008	강남구	삼성2동	249	109	140	51	23	28
2008	강남구	대치1동	99	52	47	64	29	35
2008	강남구	대치2동	72	38	34	61	31	30
2008	강남구	대치3동	86	47	39	40	24	16
2008	강남구	대치4동	143	74	69	44	20	24
2008	강남구	역삼1동	361	181	180	110	47	63
2008	강남구	역삼2동	391	216	175	81	42	39
2008	강남구	도곡1동	213	106	107	69	35	34
2008	강남구	도곡2동	281	149	132	78	45	33
2008	강남구	개포1동	145	80	65	74	32	42
2008	강남구	개포2동	147	79	68	64	31	33
2008	강남구	개포3동	246	130	116	30	13	17
2008	강남구	개포4동	185	92	93	54	20	34
2008	강남구	일원본동	202	115	87	59	35	24
2008	강남구	일원1동	158	84	74	101	55	46
2008	강남구	일원2동	159	78	81	68	41	27
2008	강남구	수서동	181	98	83	114	61	53
2008	강남구	세곡동	28	15	13	26	17	9
2008	강남구	미상	22	13	9	-	-	-
2008	송파구	소계	5,995	3,107	2,888	1,954	1,037	917
2008	송파구	풍납1동	210	109	101	80	49	31
2008	송파구	풍납2동	301	153	148	72	37	35
2008	송파구	거여1동	141	80	61	71	31	40
2008	송파구	거여2동	369	189	180	119	63	56
2008	송파구	마천1동	183	96	87	102	57	45
2008	송파구	마천2동	199	89	110	92	49	43
2008	송파구	방이1동	129	58	71	74	36	38
2008	송파구	방이2동	264	137	127	65	27	38
2008	송파구	오륜동	53	27	26	37	21	16
2008	송파구	오금동	310	166	144	122	72	50
2008	송파구	송파1동	334	172	162	89	53	36
2008	송파구	송파2동	129	64	65	63	32	31
2008	송파구	석촌동	424	224	200	107	59	48
2008	송파구	삼전동	448	225	223	90	46	44
2008	송파구	가락본동	282	138	144	88	59	29
2008	송파구	가락1동	196	111	85	47	26	21
2008	송파구	가락2동	253	128	125	86	38	48
2008	송파구	문정1동	219	114	105	76	36	40
2008	송파구	문정2동	67	29	38	59	28	31
2008	송파구	장지동	314	164	150	91	44	47
2008	송파구	잠실본동	303	161	142	99	59	40
2008	송파구	잠실4동	184	96	88	47	25	22
2008	송파구	잠실6동	113	56	57	44	22	22
2008	송파구	잠실7동	75	37	38	30	14	16
2008	송파구	잠실2동	79	48	31	17	12	5
2008	송파구	잠실3동	392	221	171	87	42	45
2008	송파구	미상	24	15	9	-	-	-
2008	강동구	소계	4,019	2,124	1,895	1,549	859	690
2008	강동구	강일동	4	4	-	5	4	1
2008	강동구	상일동	197	106	91	103	58	45
2008	강동구	명일1동	237	119	118	92	51	41
2008	강동구	명일2동	59	29	30	48	18	30
2008	강동구	고덕1동	200	102	98	76	40	36
2008	강동구	고덕2동	162	81	81	64	29	35
2008	강동구	암사2동	204	105	99	52	22	30
2008	강동구	암사3동	82	41	41	33	17	16
2008	강동구	천호1동	302	174	128	122	75	47
2008	강동구	천호3동	264	151	113	116	70	46
2008	강동구	성내1동	255	130	125	65	39	26
2008	강동구	성내2동	281	146	135	109	63	46
2008	강동구	성내3동	251	134	117	61	35	26
2008	강동구	둔촌1동	99	54	45	37	19	18
2008	강동구	둔촌2동	181	106	75	80	46	34
2008	강동구	암사1동	361	185	176	154	87	67
2008	강동구	천호2동	343	173	170	136	76	60
2008	강동구	길동	520	276	244	196	110	86
2008	강동구	미상	17	8	9	-	-	-