기간	자치구	지역내총부가가치(당해년가격)	구성비	경제활동별	경제활동별	경제활동별	경제활동별	경제활동별	경제활동별	경제활동별	경제활동별	경제활동별	경제활동별	경제활동별	경제활동별	경제활동별	경제활동별	경제활동별	경제활동별	경제활동별	경제활동별	경제활동별	경제활동별	경제활동별	경제활동별	경제활동별	경제활동별	경제활동별	경제활동별	경제활동별	경제활동별	경제활동별	경제활동별	경제활동별	경제활동별	순생산물세	구성비
기간	자치구	지역내총부가가치(당해년가격)	구성비	농림어업	구성비	광업	구성비	제조업	구성비	전기 가스 증기 및 수도사업	구성비	건설업	구성비	도소매업	구성비	운수업	구성비	숙박 및 음식점업	구성비	정보 및 통신업	구성비	금융보험업	구성비	부동산 및 임대업	구성비	사업서비스업	구성비	공공행정 국방 및 사회보장행정	구성비	교육서비스업	구성비	보건 및 사회복지사업	구성비	문화 및 기타서비스업	구성비	순생산물세	구성비
2012	서울시	286,431,524	100	574,039	100	128,783	100	18,514,227	100	1,792,171	100	7,530,853	100	51,102,241	100	8,521,081	100	9,070,809	100	30,026,153	100	35,708,635	100	32,847,472	100	37,791,639	100	16,927,390	100	14,429,725	100	12,171,548	100	9,294,758	100	27,047,001	100
2012	종로구	22,865,878	8	9,866	1.7	3,420	2.7	441,758	2.4	53,450	3	287,820	3.8	2,668,084	5.2	475,206	5.6	486,958	5.4	2,067,071	6.9	5,560,412	15.6	1,729,311	5.3	2,797,737	7.4	4,379,045	25.9	665,276	4.6	767,250	6.3	473,215	5.1	2,195,214	8.1
2012	중구	41,045,380	14.3	23	0	506	0.4	1,089,036	5.9	66,413	3.7	512,526	6.8	6,460,066	12.6	1,494,419	17.5	985,555	10.9	5,241,369	17.5	15,988,980	44.8	1,743,607	5.3	3,839,466	10.2	2,187,193	12.9	519,449	3.6	408,008	3.4	508,763	5.5	5,005,448	18.5
2012	용산구	8,253,752	2.9	23,481	4.1	759	0.6	122,570	0.7	51,256	2.9	355,157	4.7	1,661,624	3.3	289,430	3.4	355,872	3.9	462,452	1.5	257,842	0.7	1,236,780	3.8	950,166	2.5	1,695,205	10	282,175	2	193,884	1.6	315,099	3.4	652,006	2.4
2012	성동구	7,672,628	2.7	329	0.1	380	0.3	1,872,646	10.1	56,453	3.1	406,293	5.4	1,414,883	2.8	186,134	2.2	161,235	1.8	345,668	1.2	119,893	0.3	811,735	2.5	957,801	2.5	237,519	1.4	568,193	3.9	225,343	1.9	308,123	3.3	775,146	2.9
2012	광진구	5,013,500	1.8	106	0	-	-	690,611	3.7	62,404	3.5	146,588	1.9	698,293	1.4	173,112	2	409,144	4.5	141,365	0.5	141,403	0.4	691,958	2.1	517,903	1.4	216,755	1.3	518,372	3.6	341,898	2.8	263,589	2.8	430,236	1.6
2012	동대문구	5,765,948	2	130	0	127	0.1	764,389	4.1	58,662	3.3	235,277	3.1	1,056,051	2.1	154,271	1.8	228,585	2.5	65,940	0.2	250,879	0.7	709,508	2.2	478,689	1.3	288,666	1.7	732,773	5.1	474,741	3.9	267,262	2.9	535,814	2
2012	중랑구	3,297,596	1.2	1,609	0.3	633	0.5	370,300	2	64,086	3.6	172,593	2.3	581,759	1.1	226,054	2.7	154,562	1.7	69,008	0.2	95,775	0.3	448,020	1.4	134,792	0.4	206,445	1.2	323,425	2.2	221,570	1.8	226,966	2.4	295,138	1.1
2012	성북구	4,333,415	1.5	335	0.1	-	-	230,151	1.2	72,021	4	155,960	2.1	504,407	1	119,894	1.4	209,041	2.3	86,283	0.3	110,609	0.3	657,487	2	360,076	1	252,486	1.5	1,010,181	7	367,474	3	197,012	2.1	297,035	1.1
2012	강북구	2,388,395	0.8	384	0.1	-	-	151,577	0.8	48,922	2.7	100,362	1.3	306,083	0.6	124,697	1.5	155,080	1.7	50,608	0.2	201,343	0.6	348,953	1.1	107,479	0.3	190,620	1.1	225,541	1.6	214,577	1.8	162,171	1.7	217,923	0.8
2012	도봉구	2,266,746	0.8	910	0.2	127	0.1	151,465	0.8	52,507	2.9	76,503	1	317,181	0.6	152,173	1.8	103,550	1.1	14,901	0	56,190	0.2	388,235	1.2	116,492	0.3	241,867	1.4	270,115	1.9	173,939	1.4	150,591	1.6	166,683	0.6
2012	노원구	4,203,338	1.5	918	0.2	-	-	174,372	0.9	85,336	4.8	138,566	1.8	429,375	0.8	216,475	2.5	203,584	2.2	43,746	0.1	215,918	0.6	642,037	2	208,238	0.6	250,363	1.5	890,760	6.2	526,804	4.3	176,846	1.9	288,853	1.1
2012	은평구	2,854,701	1	2,307	0.4	-	-	100,397	0.5	67,482	3.8	150,405	2	362,584	0.7	144,495	1.7	166,077	1.8	41,618	0.1	131,412	0.4	553,474	1.7	147,145	0.4	227,883	1.3	346,296	2.4	263,361	2.2	149,764	1.6	223,402	0.8
2012	서대문구	6,242,550	2.2	133,917	23.3	-	-	96,012	0.5	53,834	3	272,896	3.6	648,860	1.3	90,851	1.1	263,984	2.9	254,320	0.8	997,365	2.8	608,257	1.9	404,057	1.1	654,110	3.9	1,006,131	7	628,961	5.2	128,994	1.4	589,953	2.2
2012	마포구	12,879,651	4.5	931	0.2	124	0.1	283,246	1.5	70,476	3.9	590,538	7.8	1,928,140	3.8	680,264	8	411,908	4.5	3,701,184	12.3	530,058	1.5	1,183,624	3.6	1,945,615	5.1	293,589	1.7	626,775	4.3	216,361	1.8	416,817	4.5	981,082	3.6
2012	양천구	5,123,854	1.8	481	0.1	-	-	235,639	1.3	84,254	4.7	104,022	1.4	615,535	1.2	265,943	3.1	185,378	2	725,251	2.4	211,719	0.6	901,090	2.7	213,914	0.6	473,829	2.8	520,219	3.6	373,688	3.1	212,892	2.3	353,669	1.3
2012	강서구	7,258,303	2.5	9,944	1.7	-	-	467,176	2.5	77,551	4.3	428,453	5.7	1,291,099	2.5	992,051	11.6	311,753	3.4	339,893	1.1	182,952	0.5	1,007,877	3.1	611,337	1.6	303,389	1.8	523,211	3.6	385,245	3.2	326,371	3.5	625,508	2.3
2012	구로구	9,578,202	3.3	1,794	0.3	881	0.7	1,753,555	9.5	69,144	3.9	245,378	3.3	1,532,998	3	239,003	2.8	247,449	2.7	1,729,034	5.8	326,594	0.9	734,786	2.2	1,383,706	3.7	284,059	1.7	417,244	2.9	365,889	3	246,686	2.7	820,093	3
2012	금천구	11,835,381	4.1	200	0	2,415	1.9	3,260,379	17.6	46,592	2.6	254,590	3.4	1,650,318	3.2	277,461	3.3	168,096	1.9	2,167,497	7.2	123,610	0.3	671,040	2	2,526,494	6.7	165,101	1	209,608	1.5	129,062	1.1	182,917	2	992,495	3.7
2012	영등포구	22,501,230	7.9	1,872	0.3	253	0.2	890,012	4.8	78,859	4.4	524,618	7	4,010,882	7.8	480,753	5.6	514,350	5.7	2,584,257	8.6	5,799,266	16.2	1,709,264	5.2	3,323,589	8.8	904,711	5.3	400,879	2.8	503,066	4.1	774,598	8.3	2,510,304	9.3
2012	동작구	4,614,695	1.6	163	0	95,375	74.1	58,075	0.3	62,061	3.5	273,238	3.6	610,864	1.2	59,684	0.7	191,341	2.1	342,125	1.1	169,681	0.5	688,386	2.1	565,781	1.5	316,307	1.9	637,373	4.4	383,002	3.1	161,239	1.7	347,934	1.3
2012	관악구	4,444,860	1.6	583	0.1	-	-	224,521	1.2	81,799	4.6	194,656	2.6	466,394	0.9	97,415	1.1	282,614	3.1	393,202	1.3	124,280	0.3	709,976	2.2	427,804	1.1	245,549	1.5	727,773	5	235,552	1.9	232,739	2.5	331,297	1.2
2012	서초구	24,242,524	8.5	261,566	45.6	9,463	7.3	1,191,379	6.4	93,512	5.2	502,272	6.7	4,950,170	9.7	747,148	8.8	727,700	8	2,001,745	6.7	879,782	2.5	3,340,989	10.2	5,299,222	14	1,832,834	10.8	824,812	5.7	952,748	7.8	627,181	6.7	1,906,232	7
2012	강남구	45,014,194	15.7	30,168	5.3	9,637	7.5	2,771,311	15	156,924	8.8	636,667	8.5	11,717,708	22.9	388,165	4.6	1,408,898	15.5	4,983,950	16.6	2,351,158	6.6	7,810,171	23.8	7,814,083	20.7	463,095	2.7	1,156,332	8	2,060,448	16.9	1,255,478	13.5	4,337,828	16
2012	송파구	16,982,949	5.9	88,039	15.3	2,415	1.9	849,265	4.6	108,011	6	565,918	7.5	3,807,809	7.5	279,528	3.3	493,007	5.4	1,989,293	6.6	629,595	1.8	2,533,062	7.7	2,205,146	5.8	405,450	2.4	651,921	4.5	1,103,124	9.1	1,271,365	13.7	1,634,190	6
2012	강동구	5,751,853	2	3,984	0.7	2,269	1.8	274,383	1.5	70,161	3.9	199,555	2.6	1,411,072	2.8	166,457	2	245,089	2.7	184,374	0.6	251,921	0.7	987,843	3	454,907	1.2	211,320	1.2	374,889	2.6	655,551	5.4	258,078	2.8	533,518	2