기간	자치구	동	합계	합계	합계	개인사업체	개인사업체	회사법인	회사법인	회사이외의 법인	회사이외의 법인	비법인단체	비법인단체
기간	자치구	동	사업체수	총종사자수	여성종사자수	소계	여성종사자수	소계	여성종사자수	소계	여성종사자수	소계	여성종사자수
2012	합계	합계	780,887	4,541,393	1,930,559	1,506,099	769,429	2,328,409	824,659	605,658	292,402	101,227	44,069
2012	종로구	소계	39,486	232,857	100,080	76,034	35,464	105,096	42,304	47,563	20,400	4,164	1,912
2012	종로구	사직동	3,437	45,313	20,278	8,412	4,911	25,809	11,560	10,423	3,538	669	269
2012	종로구	삼청동	611	4,646	2,392	1,437	882	1,326	792	1,782	643	101	75
2012	종로구	부암동	502	3,432	1,740	924	418	550	292	1,866	990	92	40
2012	종로구	평창동	636	2,499	1,294	1,092	611	628	283	527	276	252	124
2012	종로구	무악동	610	1,489	661	1,108	501	145	37	105	70	131	53
2012	종로구	교남동	550	4,477	2,564	948	447	1,267	692	2,192	1,380	70	45
2012	종로구	가회동	547	9,661	3,010	976	591	6,777	1,544	1,822	823	86	52
2012	종로구	종로1.2.3.4가동	15,825	92,396	36,444	28,738	12,918	50,158	19,044	12,479	4,073	1,021	409
2012	종로구	종로5·6가동	7,492	24,594	9,124	14,452	5,703	8,743	2,835	1,043	450	356	136
2012	종로구	이화동	1,077	13,368	7,919	2,511	1,252	2,666	1,227	7,658	5,158	533	282
2012	종로구	창신1동	2,257	5,799	2,792	3,967	1,636	1,465	976	247	155	120	25
2012	종로구	창신2동	860	2,055	1,122	1,828	996	108	56	56	30	63	40
2012	종로구	창신3동	274	728	339	415	189	60	20	167	106	86	24
2012	종로구	숭인1동	530	1,744	906	1,198	609	383	210	97	60	66	27
2012	종로구	숭인2동	1,814	6,278	3,146	3,434	1,383	2,172	1,413	550	296	122	54
2012	종로구	청운효자동	794	5,234	2,073	1,067	568	780	279	3,162	1,067	225	159
2012	종로구	혜화동	1,670	9,144	4,276	3,527	1,849	2,059	1,044	3,387	1,285	171	98
2012	중구	소계	64,307	386,637	171,106	120,829	60,336	220,577	88,110	41,747	21,034	3,484	1,626
2012	중구	소공동	3,688	61,763	24,861	5,651	3,165	50,244	19,457	5,530	2,104	338	135
2012	중구	회현동	9,676	50,265	22,337	15,439	9,377	32,284	11,992	2,033	792	509	176
2012	중구	명동	7,194	112,011	49,927	13,695	7,673	78,080	30,581	19,206	11,030	1,030	643
2012	중구	필동	3,261	24,463	10,218	8,772	3,625	10,839	4,108	4,640	2,398	212	87
2012	중구	장충동	864	8,835	3,749	1,560	746	6,078	2,503	1,079	446	118	54
2012	중구	광희동	10,151	38,188	17,449	20,298	9,174	14,037	6,486	3,653	1,721	200	68
2012	중구	을지로동	9,689	27,060	9,274	16,581	4,886	8,728	3,687	1,582	655	169	46
2012	중구	신당1동	11,868	26,506	15,429	23,262	14,288	1,750	653	1,247	379	247	109
2012	중구	신당2동	1,175	9,590	5,368	2,442	1,244	6,526	3,736	516	335	106	53
2012	중구	신당3동	821	3,008	1,647	1,816	1,108	785	341	304	142	103	56
2012	중구	신당4동	703	3,535	1,317	1,504	737	1,585	313	376	237	70	30
2012	중구	신당5동	1,064	3,198	1,461	2,003	1,006	474	174	604	213	117	68
2012	중구	신당6동	882	3,590	1,789	2,408	1,184	839	405	285	180	58	20
2012	중구	황학동	1,985	5,951	2,525	3,331	1,308	2,508	1,174	56	26	56	17
2012	중구	중림동	1,286	8,674	3,755	2,067	815	5,820	2,500	636	376	151	64
2012	용산구	소계	20,004	120,441	52,148	35,177	16,961	61,117	24,206	20,931	9,657	3,216	1,324
2012	용산구	후암동	802	5,240	3,108	2,066	1,146	2,464	1,596	619	329	91	37
2012	용산구	용산2가동	484	2,783	1,181	738	344	510	243	1,483	572	52	22
2012	용산구	남영동	1,466	15,775	8,439	2,773	1,460	11,053	6,482	1,607	371	342	126
2012	용산구	원효로2동	1,173	6,786	2,225	1,666	649	4,488	1,277	532	274	100	25
2012	용산구	효창동	499	2,577	1,013	832	422	1,256	309	292	161	197	121
2012	용산구	용문동	666	1,662	751	1,194	601	368	100	54	35	46	15
2012	용산구	이촌1동	815	3,553	1,907	1,805	1,103	605	318	695	346	448	140
2012	용산구	이촌2동	345	813	300	550	206	127	35	68	26	68	33
2012	용산구	이태원1동	1,625	7,153	3,310	3,298	1,583	1,789	843	1,966	863	100	21
2012	용산구	이태원2동	557	2,046	870	1,000	477	801	281	152	69	93	43
2012	용산구	서빙고동	383	4,161	1,652	565	244	1,941	580	1,505	821	150	7
2012	용산구	보광동	806	1,774	797	1,312	658	147	30	270	90	45	19
2012	용산구	청파동	1,813	9,725	5,119	4,229	2,202	1,891	486	3,300	2,311	305	120
2012	용산구	원효로1동	1,695	7,383	2,387	2,873	1,191	3,667	905	657	199	186	92
2012	용산구	한강로동	5,172	33,316	11,793	7,112	2,994	20,099	6,701	5,553	1,872	552	226
2012	용산구	한남동	1,703	15,694	7,296	3,164	1,681	9,911	4,020	2,178	1,318	441	277
2012	성동구	소계	24,250	139,994	53,664	47,910	20,638	66,603	22,199	22,110	9,251	3,371	1,576
2012	성동구	왕십리2동	750	2,162	1,176	1,535	872	367	161	131	93	129	50
2012	성동구	마장동	3,140	12,260	3,835	5,447	2,023	3,595	774	2,967	904	251	134
2012	성동구	사근동	998	10,177	4,894	2,152	1,019	747	383	7,175	3,453	103	39
2012	성동구	행당1동	1,352	8,227	3,688	2,981	1,708	2,480	1,056	2,628	867	138	57
2012	성동구	행당2동	533	1,872	1,084	1,085	636	175	99	418	271	194	78
2012	성동구	응봉동	376	1,018	515	548	272	55	20	214	142	201	81
2012	성동구	금호1가동	596	1,814	938	1,168	576	249	118	177	114	220	130
2012	성동구	금호4가동	626	1,971	911	1,091	570	533	145	216	135	131	61
2012	성동구	성수1가1동	1,300	5,617	1,942	2,549	811	1,915	538	1,004	530	149	63
2012	성동구	성수1가2동	1,749	11,166	3,880	3,340	1,241	6,308	1,669	1,316	891	202	79
2012	성동구	성수2가1동	2,207	13,272	4,210	4,623	1,855	7,400	2,087	1,088	191	161	77
2012	성동구	성수2가3동	4,660	42,946	15,207	9,681	3,349	32,272	11,427	742	339	251	92
2012	성동구	송정동	716	2,581	945	1,332	517	629	186	460	158	160	84
2012	성동구	용답동	2,019	11,464	3,689	3,602	1,576	5,306	1,592	2,328	389	228	132
2012	성동구	왕십리도선동	1,579	8,455	4,191	3,759	1,924	3,753	1,690	618	376	325	201
2012	성동구	금호2.3가동	939	2,427	1,274	1,763	1,031	190	41	221	128	253	74
2012	성동구	옥수동	710	2,565	1,285	1,254	658	629	213	407	270	275	144
2012	광진구	소계	24,828	117,652	49,737	50,131	25,468	45,367	13,744	18,882	8,982	3,272	1,543
2012	광진구	화양동	2,441	14,551	6,689	6,486	3,271	2,725	1,025	5,137	2,282	203	111
2012	광진구	군자동	1,627	7,657	3,407	3,022	1,536	2,168	790	2,311	1,007	156	74
2012	광진구	중곡1동	1,631	6,112	2,565	2,996	1,418	2,852	1,013	158	71	106	63
2012	광진구	중곡2동	1,725	6,034	3,043	3,626	1,989	1,842	676	422	292	144	86
2012	광진구	중곡3동	1,374	4,205	1,995	2,613	1,320	841	196	622	410	129	69
2012	광진구	중곡4동	1,550	4,804	2,116	3,129	1,548	876	219	670	287	129	62
2012	광진구	능동	715	4,237	1,994	1,745	888	1,623	694	835	398	34	14
2012	광진구	구의1동	1,835	6,353	2,739	3,375	1,688	2,214	821	592	152	172	78
2012	광진구	구의2동	1,330	4,934	2,160	2,475	1,215	1,471	460	805	380	183	105
2012	광진구	구의3동	2,630	19,257	5,852	5,013	2,624	13,115	2,756	771	334	358	138
2012	광진구	광장동	1,332	10,149	4,467	2,748	1,464	5,326	1,928	1,499	908	576	167
2012	광진구	자양1동	1,705	8,742	3,645	3,356	1,829	3,301	824	1,895	883	190	109
2012	광진구	자양2동	1,561	7,671	3,205	2,866	1,314	2,490	828	2,117	987	198	76
2012	광진구	자양3동	1,316	6,130	3,086	2,609	1,418	2,477	1,118	720	424	324	126
2012	광진구	자양4동	2,056	6,816	2,774	4,072	1,946	2,046	396	328	167	370	265
2012	동대문구	소계	31,881	132,397	58,748	60,281	28,495	43,479	16,779	25,397	12,065	3,240	1,409
2012	동대문구	회기동	989	9,677	4,996	2,353	1,242	415	188	6,809	3,516	100	50
2012	동대문구	휘경1동	1,045	4,039	1,966	2,300	1,136	1,550	752	69	26	120	52
2012	동대문구	휘경2동	1,099	4,409	2,230	1,697	692	553	264	1,930	1,170	229	104
2012	동대문구	청량리동	1,731	8,070	3,854	3,245	1,812	1,566	883	2,931	1,033	328	126
2012	동대문구	용신동	5,468	27,469	11,051	10,018	4,256	13,280	4,871	3,871	1,799	300	125
2012	동대문구	제기동	4,722	11,201	5,116	7,158	3,163	2,672	1,223	907	563	464	167
2012	동대문구	전농1동	2,206	7,911	3,835	4,340	2,223	1,947	844	1,424	694	200	74
2012	동대문구	전농2동	782	4,213	2,112	1,429	782	433	201	2,189	1,052	162	77
2012	동대문구	답십리1동	2,098	9,558	3,347	3,944	1,708	4,748	1,294	667	261	199	84
2012	동대문구	답십리2동	1,854	5,342	2,083	3,543	1,425	1,321	389	138	78	340	191
2012	동대문구	장안1동	4,543	21,258	8,850	9,338	4,308	10,834	4,034	759	345	327	163
2012	동대문구	장안2동	3,109	11,085	5,740	6,928	3,703	3,394	1,641	531	291	232	105
2012	동대문구	이문1동	1,501	6,039	2,731	2,772	1,409	322	140	2,765	1,112	180	70
2012	동대문구	이문2동	734	2,126	837	1,216	636	444	55	407	125	59	21
2012	중랑구	소계	27,289	96,613	44,350	57,167	28,913	23,532	7,124	12,964	6,887	2,950	1,426
2012	중랑구	면목2동	2,027	6,030	2,582	3,994	1,932	1,576	381	295	187	165	82
2012	중랑구	면목4동	1,065	3,433	1,514	1,990	1,026	824	141	444	261	175	86
2012	중랑구	면목5동	1,040	3,596	1,314	2,205	964	1,230	303	74	12	87	35
2012	중랑구	면목7동	1,469	3,786	1,931	2,996	1,632	498	139	141	90	151	70
2012	중랑구	상봉1동	962	5,306	2,356	1,800	882	2,489	937	856	475	161	62
2012	중랑구	상봉2동	2,188	9,848	4,510	5,246	2,729	3,572	1,337	751	302	279	142
2012	중랑구	중화1동	1,088	4,125	1,981	2,596	1,314	884	263	508	339	137	65
2012	중랑구	중화2동	2,295	7,560	3,361	5,198	2,676	1,999	570	185	39	178	76
2012	중랑구	묵1동	1,478	5,736	2,685	3,153	1,609	1,634	560	778	459	171	57
2012	중랑구	묵2동	1,774	5,399	2,151	3,153	1,424	1,182	451	936	218	128	58
2012	중랑구	망우3동	1,091	3,655	1,738	2,538	1,338	723	147	321	222	73	31
2012	중랑구	신내1동	1,528	6,806	2,925	3,056	1,401	1,851	242	1,720	1,224	179	58
2012	중랑구	신내2동	1,090	5,557	2,830	2,075	1,218	715	372	2,587	1,152	180	88
2012	중랑구	면목본동	2,421	6,636	3,409	5,168	2,769	921	287	377	253	170	100
2012	중랑구	면목3.8동	2,986	8,174	3,668	5,496	2,472	846	230	1,626	874	206	92
2012	중랑구	망우본동	2,787	10,966	5,395	6,503	3,527	2,588	764	1,365	780	510	324
2012	성북구	소계	25,061	103,054	49,806	51,524	27,165	20,847	7,987	26,946	12,915	3,737	1,739
2012	성북구	돈암1동	365	1,395	792	736	383	189	93	392	283	78	33
2012	성북구	돈암2동	367	1,797	1,197	602	351	716	594	407	229	72	23
2012	성북구	안암동	1,310	13,520	6,143	3,337	1,672	1,688	684	8,342	3,724	153	63
2012	성북구	보문동	1,244	4,287	1,976	2,491	1,214	1,172	438	399	187	225	137
2012	성북구	정릉1동	808	1,938	964	1,512	752	92	42	134	69	200	101
2012	성북구	정릉2동	901	2,535	1,148	1,624	806	503	109	251	156	157	77
2012	성북구	정릉3동	694	4,427	1,945	1,086	486	477	161	2,666	1,179	198	119
2012	성북구	정릉4동	837	3,856	1,449	1,557	845	1,103	106	999	415	197	83
2012	성북구	길음1동	1,116	3,328	1,989	2,165	1,317	366	187	542	380	255	105
2012	성북구	길음2동	1,100	4,255	2,454	2,398	1,546	1,238	639	401	178	218	91
2012	성북구	월곡1동	1,440	5,165	2,452	3,109	1,564	1,076	376	748	419	232	93
2012	성북구	월곡2동	1,517	7,627	3,858	3,448	1,813	979	526	2,977	1,420	223	99
2012	성북구	장위1동	1,164	2,660	1,382	2,183	1,143	191	65	183	131	103	43
2012	성북구	장위2동	1,657	5,127	2,248	3,464	1,757	1,151	223	401	228	111	40
2012	성북구	장위3동	1,233	4,548	1,927	2,639	1,302	1,357	280	400	252	152	93
2012	성북구	성북동	1,040	5,608	2,835	2,033	1,049	2,508	1,237	790	428	277	121
2012	성북구	삼선동	1,893	8,666	4,160	3,791	2,140	1,263	531	3,467	1,414	145	75
2012	성북구	동선동	1,940	7,957	4,166	4,395	2,430	2,011	866	1,354	773	197	97
2012	성북구	종암동	2,104	7,316	3,575	4,539	2,406	1,256	486	1,128	499	393	184
2012	성북구	석관동	2,331	7,042	3,146	4,415	2,189	1,511	344	965	551	151	62
2012	강북구	소계	19,485	69,508	35,929	39,908	21,475	16,618	7,476	10,154	5,396	2,828	1,582
2012	강북구	번1동	1,797	8,763	5,085	3,737	2,178	4,014	2,467	868	385	144	55
2012	강북구	번2동	669	3,665	1,275	1,207	526	1,252	228	1,018	419	188	102
2012	강북구	번3동	815	2,637	1,113	1,411	625	596	155	441	243	189	90
2012	강북구	수유1동	1,601	5,376	2,639	2,953	1,534	1,134	352	905	536	384	217
2012	강북구	수유2동	1,340	3,853	1,931	2,507	1,209	916	463	149	83	281	176
2012	강북구	수유3동	2,484	8,736	4,759	5,591	3,058	1,522	992	1,460	623	163	86
2012	강북구	삼양동	1,255	3,305	1,819	2,223	1,236	416	124	411	297	255	162
2012	강북구	미아동	1,952	6,044	3,301	4,045	2,183	1,178	675	732	403	89	40
2012	강북구	송중동	1,994	7,986	4,357	4,958	2,755	1,427	673	1,367	782	234	147
2012	강북구	송천동	2,246	7,511	4,114	5,129	2,968	1,321	601	792	375	269	170
2012	강북구	삼각산동	730	2,165	1,290	1,501	877	188	91	341	252	135	70
2012	강북구	우이동	979	3,511	1,278	1,823	959	1,250	120	175	71	263	128
2012	강북구	인수동	1,623	5,956	2,968	2,823	1,367	1,404	535	1,495	927	234	139
2012	도봉구	소계	17,893	62,820	28,829	32,933	16,695	15,608	4,644	11,064	6,037	3,215	1,453
2012	도봉구	쌍문1동	921	3,734	1,875	1,618	777	625	112	1,309	884	182	102
2012	도봉구	쌍문2동	1,210	3,838	1,856	2,298	1,256	917	241	408	257	215	102
2012	도봉구	쌍문3동	910	3,293	1,758	1,678	817	668	330	819	558	128	53
2012	도봉구	쌍문4동	584	1,880	975	993	495	106	60	613	362	168	58
2012	도봉구	방학1동	2,358	10,834	4,779	4,896	2,692	3,069	750	2,464	1,102	405	235
2012	도봉구	방학2동	1,327	3,121	1,575	2,550	1,295	253	83	221	150	97	47
2012	도봉구	방학3동	918	2,874	1,262	1,578	745	651	115	448	308	197	94
2012	도봉구	창1동	1,062	3,207	1,749	1,965	1,087	529	271	440	287	273	104
2012	도봉구	창2동	1,328	4,135	1,814	2,551	1,240	1,063	274	367	237	154	63
2012	도봉구	창3동	945	1,886	1,002	1,451	727	144	63	200	149	91	63
2012	도봉구	창4동	1,138	6,659	3,059	2,271	1,213	2,595	1,185	1,433	526	360	135
2012	도봉구	창5동	2,115	6,557	2,971	3,944	1,851	1,715	663	601	333	297	124
2012	도봉구	도봉1동	1,675	5,316	2,111	2,825	1,403	1,574	193	583	339	334	176
2012	도봉구	도봉2동	1,402	5,486	2,043	2,315	1,097	1,699	304	1,158	545	314	97
2012	노원구	소계	24,864	102,327	51,542	49,024	25,916	25,008	10,807	22,871	12,608	5,424	2,211
2012	노원구	월계1동	1,387	5,054	1,896	2,560	1,204	1,027	157	1,258	412	209	123
2012	노원구	월계2동	1,055	3,651	1,531	1,734	717	620	162	1,095	555	202	97
2012	노원구	월계3동	939	3,549	1,678	1,540	821	1,065	449	684	303	260	105
2012	노원구	공릉2동	1,780	9,436	4,715	2,906	1,487	1,160	303	5,025	2,775	345	150
2012	노원구	하계1동	891	6,891	3,221	1,915	1,037	1,734	545	2,916	1,508	326	131
2012	노원구	하계2동	370	1,169	645	634	324	50	34	316	249	169	38
2012	노원구	중계본동	1,167	4,561	2,268	2,459	1,250	1,023	498	774	437	305	83
2012	노원구	중계1동	895	3,728	2,029	1,972	1,096	930	515	622	371	204	47
2012	노원구	중계4동	994	3,618	1,857	2,185	1,199	425	143	725	426	283	89
2012	노원구	상계1동	2,795	8,031	3,255	4,604	1,925	2,305	621	776	548	346	161
2012	노원구	상계2동	2,195	8,249	4,567	5,718	3,219	1,777	955	383	234	371	159
2012	노원구	상계5동	1,306	2,729	1,460	2,127	1,171	218	93	149	97	235	99
2012	노원구	상계8동	590	1,965	1,185	1,221	747	157	108	392	276	195	54
2012	노원구	상계9동	730	2,314	1,287	1,259	695	211	141	709	434	135	17
2012	노원구	상계10동	460	1,757	854	826	479	173	72	698	283	60	20
2012	노원구	상계3.4동	1,721	4,957	2,009	2,806	1,406	1,517	244	328	220	306	139
2012	노원구	상계6.7동	1,892	14,903	8,858	4,855	2,917	5,051	3,160	4,143	2,380	854	401
2012	노원구	중계2.3동	1,161	5,049	3,040	2,614	1,586	930	556	1,294	803	211	95
2012	노원구	공릉1동	2,536	10,716	5,187	5,089	2,636	4,635	2,051	584	297	408	203
2012	은평구	소계	23,325	80,672	41,132	45,089	24,668	18,978	7,452	13,859	7,781	2,746	1,231
2012	은평구	녹번동	1,500	7,024	3,288	3,170	1,767	1,633	558	1,991	848	230	115
2012	은평구	불광1동	1,611	6,304	3,682	3,132	1,839	1,347	856	1,567	874	258	113
2012	은평구	갈현1동	1,513	5,562	3,220	3,087	1,658	1,945	1,310	354	172	176	80
2012	은평구	갈현2동	1,535	5,927	3,493	3,422	1,988	1,269	734	992	625	244	146
2012	은평구	구산동	1,153	5,491	2,601	1,799	898	1,570	294	1,949	1,339	173	70
2012	은평구	대조동	2,559	7,450	4,440	5,510	3,382	1,254	616	494	330	192	112
2012	은평구	응암1동	2,115	7,517	3,516	4,231	2,177	2,322	789	823	506	141	44
2012	은평구	응암2동	804	2,180	1,103	1,428	693	141	56	492	305	119	49
2012	은평구	신사1동	1,208	3,569	1,645	2,208	1,136	774	187	469	278	118	44
2012	은평구	신사2동	858	2,707	1,124	1,474	691	500	38	592	351	141	44
2012	은평구	증산동	1,127	3,917	1,512	1,876	938	1,598	321	341	227	102	26
2012	은평구	수색동	859	2,550	957	1,419	673	807	155	275	120	49	9
2012	은평구	진관동	885	4,228	1,953	1,539	923	929	184	1,460	712	300	134
2012	은평구	불광2동	1,330	3,919	2,047	2,481	1,394	395	209	938	390	105	54
2012	은평구	응암3동	1,892	4,906	2,688	3,718	2,103	502	199	520	311	166	75
2012	은평구	역촌동	2,376	7,421	3,863	4,595	2,408	1,992	946	602	393	232	116
2012	서대문구	소계	18,653	97,686	46,492	35,124	18,494	30,513	11,705	28,901	14,809	3,148	1,484
2012	서대문구	천연동	793	2,488	1,234	1,424	773	201	88	646	274	217	99
2012	서대문구	홍제1동	1,112	4,145	2,166	2,235	1,267	919	400	731	413	260	86
2012	서대문구	홍제3동	1,207	3,835	2,209	2,115	1,126	500	206	1,013	767	207	110
2012	서대문구	홍제2동	571	1,623	807	949	569	218	83	233	41	223	114
2012	서대문구	홍은1동	980	2,315	1,144	1,504	747	252	102	331	186	228	109
2012	서대문구	홍은2동	1,130	5,853	2,584	2,132	1,070	1,706	450	1,647	878	368	186
2012	서대문구	남가좌1동	644	1,179	703	935	586	90	37	107	62	47	18
2012	서대문구	남가좌2동	1,489	4,110	2,032	2,658	1,385	491	196	748	357	213	94
2012	서대문구	북가좌1동	461	3,218	726	705	280	2,321	312	137	111	55	23
2012	서대문구	북가좌2동	2,225	6,278	2,602	3,645	1,524	2,311	964	165	51	157	63
2012	서대문구	충현동	1,613	20,424	7,310	2,354	1,201	12,336	4,437	5,293	1,466	441	206
2012	서대문구	북아현동	674	1,795	882	1,207	628	129	52	395	178	64	24
2012	서대문구	신촌동	3,732	30,867	17,862	9,808	5,634	6,034	3,399	14,646	8,630	379	199
2012	서대문구	연희동	2,022	9,556	4,231	3,453	1,704	3,005	979	2,809	1,395	289	153
2012	마포구	소계	32,053	212,720	96,193	66,242	37,220	118,350	46,468	23,647	10,293	4,481	2,212
2012	마포구	용강동	2,398	15,858	6,391	3,364	1,776	10,740	3,784	1,389	686	365	145
2012	마포구	대흥동	1,563	16,141	10,942	9,757	8,196	3,371	1,520	2,844	1,142	169	84
2012	마포구	염리동	759	4,257	1,858	1,164	569	1,133	408	1,783	772	177	109
2012	마포구	신수동	1,397	5,375	2,386	2,503	1,053	1,976	904	739	361	157	68
2012	마포구	서교동	8,003	51,978	25,360	18,229	9,484	31,153	14,412	2,136	1,173	460	291
2012	마포구	합정동	1,812	8,490	3,619	2,910	1,377	4,769	1,745	619	383	192	114
2012	마포구	망원1동	1,362	3,790	1,749	2,589	1,287	872	347	227	72	102	43
2012	마포구	망원2동	1,224	3,572	1,489	1,858	923	1,293	294	246	173	175	99
2012	마포구	연남동	1,150	4,543	1,721	1,786	779	2,344	713	284	158	129	71
2012	마포구	성산1동	1,579	8,483	3,507	2,722	1,226	5,002	1,793	492	320	267	168
2012	마포구	성산2동	1,660	8,608	3,878	3,249	1,564	1,928	751	2,785	1,211	646	352
2012	마포구	상암동	1,639	27,067	9,492	2,908	1,719	20,706	6,459	3,031	1,114	422	200
2012	마포구	도화동	1,879	14,457	6,466	2,995	1,722	10,396	4,395	711	257	355	92
2012	마포구	서강동	1,351	10,411	4,891	2,850	1,435	4,944	2,341	2,392	974	225	141
2012	마포구	공덕동	2,536	17,164	7,862	4,654	2,553	9,669	4,202	2,449	960	392	147
2012	마포구	아현동	1,741	12,526	4,582	2,704	1,557	8,054	2,400	1,520	537	248	88
2012	양천구	소계	25,750	108,802	49,628	51,188	27,104	36,504	12,125	16,648	8,470	4,462	1,929
2012	양천구	목1동	2,543	21,035	8,907	5,916	3,533	12,763	4,519	2,004	745	352	110
2012	양천구	목2동	1,174	3,613	1,775	2,086	1,113	1,038	425	273	141	216	96
2012	양천구	목3동	1,241	3,535	2,023	2,253	1,268	883	538	288	156	111	61
2012	양천구	목4동	1,365	3,931	2,050	2,787	1,584	666	229	344	179	134	58
2012	양천구	신월1동	1,815	5,352	2,314	3,445	1,753	1,594	401	119	52	194	108
2012	양천구	신월2동	1,104	3,669	1,535	2,028	929	1,073	229	353	269	215	108
2012	양천구	신월3동	986	3,917	1,554	1,907	884	1,224	247	700	384	86	39
2012	양천구	신월4동	1,130	3,645	1,363	1,947	922	1,205	150	181	134	312	157
2012	양천구	신월5동	1,005	3,585	1,660	2,228	1,071	742	199	514	349	101	41
2012	양천구	신월6동	1,591	3,322	1,085	2,154	681	799	194	203	135	166	75
2012	양천구	신월7동	1,400	5,793	1,951	2,527	1,257	1,869	243	1,104	307	293	144
2012	양천구	신정1동	1,131	4,600	2,265	2,313	1,190	792	374	1,208	606	287	95
2012	양천구	신정2동	1,121	3,727	2,002	2,455	1,309	717	324	422	326	133	43
2012	양천구	신정3동	1,954	7,788	3,053	3,349	1,637	2,963	610	906	523	570	283
2012	양천구	신정6동	693	5,128	2,449	1,414	841	1,031	498	2,290	995	393	115
2012	양천구	신정7동	1,010	4,457	1,870	1,799	938	950	393	1,430	431	278	108
2012	양천구	목5동	1,452	8,977	5,057	2,966	1,822	2,075	778	3,566	2,296	370	161
2012	양천구	신정4동	3,035	12,728	6,715	7,614	4,372	4,120	1,774	743	442	251	127
2012	강서구	소계	31,596	168,783	73,862	58,855	30,519	88,366	32,763	17,487	8,756	4,075	1,824
2012	강서구	염창동	2,156	15,540	5,611	3,728	1,997	10,369	2,787	1,122	717	321	110
2012	강서구	등촌1동	1,679	9,851	4,089	3,297	1,706	5,863	2,146	483	156	208	81
2012	강서구	등촌2동	734	3,051	1,289	1,205	577	856	229	914	458	76	25
2012	강서구	등촌3동	2,225	17,135	8,407	4,636	2,519	9,874	4,490	2,292	1,252	333	146
2012	강서구	화곡본동	1,377	3,881	2,164	2,872	1,617	566	264	326	220	117	63
2012	강서구	화곡2동	863	2,388	1,222	1,556	759	447	165	244	212	141	86
2012	강서구	화곡3동	1,196	4,492	2,732	2,451	1,381	1,700	1,145	221	158	120	48
2012	강서구	화곡4동	1,471	3,891	1,876	2,782	1,399	606	212	424	227	79	38
2012	강서구	화곡6동	1,773	10,913	4,843	4,045	2,259	4,501	1,666	2,234	866	133	52
2012	강서구	화곡8동	1,216	3,127	1,506	2,204	1,208	779	238	63	24	81	36
2012	강서구	가양1동	1,037	6,086	1,995	2,065	921	3,335	799	496	195	190	80
2012	강서구	가양2동	629	2,961	1,574	1,136	670	892	408	715	407	218	89
2012	강서구	가양3동	777	6,091	2,120	1,143	561	3,947	1,141	776	291	225	127
2012	강서구	발산1동	2,114	10,463	4,412	3,882	1,987	4,241	1,064	2,092	1,252	248	109
2012	강서구	공항동	1,835	31,699	13,893	3,207	1,570	26,579	11,658	1,799	631	114	34
2012	강서구	방화1동	1,927	6,850	3,189	3,370	1,736	2,693	1,006	382	227	405	220
2012	강서구	방화2동	3,106	12,130	4,276	4,430	1,790	6,503	2,023	866	262	331	201
2012	강서구	방화3동	844	3,904	1,511	1,211	570	1,461	303	927	533	305	105
2012	강서구	화곡1동	3,016	8,280	4,029	5,944	3,132	1,623	511	508	320	205	66
2012	강서구	우장산동	1,621	6,050	3,124	3,691	2,160	1,531	508	603	348	225	108
2012	구로구	소계	35,523	190,692	75,895	61,297	28,247	107,527	37,671	17,241	7,836	4,627	2,141
2012	구로구	신도림동	2,490	13,980	5,891	5,397	2,331	7,713	3,087	564	360	306	113
2012	구로구	구로1동	715	2,744	1,131	1,292	624	835	257	517	218	100	32
2012	구로구	구로3동	5,592	74,353	26,158	8,693	4,407	62,584	20,599	2,165	819	911	333
2012	구로구	구로4동	1,951	4,957	2,624	3,367	1,969	849	318	447	213	294	124
2012	구로구	구로5동	4,555	26,098	11,982	6,916	3,219	16,216	7,677	2,599	922	367	164
2012	구로구	고척1동	2,476	8,230	3,224	4,629	2,013	2,038	558	1,373	592	190	61
2012	구로구	고척2동	1,456	3,888	1,813	2,548	1,220	625	205	522	296	193	92
2012	구로구	개봉2동	1,168	2,601	1,265	1,953	1,042	385	120	96	32	167	71
2012	구로구	개봉3동	1,046	2,610	1,239	1,664	811	461	107	363	281	122	40
2012	구로구	오류1동	1,122	4,540	2,320	2,385	1,311	1,684	774	273	134	198	101
2012	구로구	오류2동	1,371	6,233	2,315	2,392	1,139	1,254	240	2,094	678	493	258
2012	구로구	수궁동	1,129	5,826	2,028	2,221	975	2,265	370	1,157	603	183	80
2012	구로구	가리봉동	1,016	2,669	1,479	1,857	1,043	347	92	153	90	312	254
2012	구로구	구로2동	7,722	26,613	9,843	12,469	4,339	9,181	2,913	4,356	2,235	607	356
2012	구로구	개봉1동	1,714	5,350	2,583	3,514	1,804	1,090	354	562	363	184	62
2012	금천구	소계	27,651	198,565	72,604	51,676	24,511	135,698	42,348	8,601	4,425	2,590	1,320
2012	금천구	가산동	10,942	132,931	45,051	18,607	8,616	111,305	35,315	2,409	875	610	245
2012	금천구	독산1동	3,280	20,363	7,168	8,149	3,546	10,974	2,877	787	527	453	218
2012	금천구	독산2동	1,245	3,454	1,721	2,350	1,247	688	188	232	167	184	119
2012	금천구	독산3동	2,233	8,752	4,077	5,069	2,849	2,570	563	890	557	223	108
2012	금천구	독산4동	1,047	3,406	1,718	2,187	1,171	526	247	588	243	105	57
2012	금천구	시흥1동	3,087	13,306	6,581	6,116	3,451	4,628	1,923	2,154	965	408	242
2012	금천구	시흥2동	534	1,565	931	797	411	69	44	531	405	168	71
2012	금천구	시흥3동	3,169	9,283	2,429	4,666	1,161	4,010	866	542	368	65	34
2012	금천구	시흥4동	908	2,019	1,103	1,501	787	67	34	285	183	166	99
2012	금천구	시흥5동	1,206	3,486	1,825	2,234	1,272	861	291	183	135	208	127
2012	영등포구	소계	42,157	335,678	132,713	74,893	35,265	213,154	77,996	41,785	17,251	5,846	2,201
2012	영등포구	여의동	7,544	144,894	53,834	12,282	7,235	105,969	37,542	24,771	8,458	1,872	599
2012	영등포구	당산1동	3,146	18,431	7,707	5,724	2,641	9,434	3,778	2,973	1,167	300	121
2012	영등포구	당산2동	2,152	16,306	7,913	3,992	2,161	10,732	4,952	1,262	692	320	108
2012	영등포구	양평1동	3,293	22,350	8,188	4,797	1,430	16,547	6,244	678	403	328	111
2012	영등포구	양평2동	1,896	18,182	6,298	3,673	1,742	13,266	3,965	918	474	325	117
2012	영등포구	신길1동	1,222	4,110	2,142	2,101	1,135	992	306	901	648	116	53
2012	영등포구	신길3동	1,049	2,560	1,154	1,712	831	394	125	352	160	102	38
2012	영등포구	신길4동	610	1,928	1,007	1,151	606	529	255	151	89	97	57
2012	영등포구	신길5동	665	2,300	1,011	1,082	450	423	148	680	340	115	73
2012	영등포구	신길6동	1,191	3,592	1,691	2,071	1,063	992	370	367	191	162	67
2012	영등포구	신길7동	631	3,306	1,613	1,099	542	1,320	610	767	428	120	33
2012	영등포구	대림1동	1,214	5,240	3,091	2,487	1,405	1,382	797	1,205	789	166	100
2012	영등포구	대림2동	1,358	4,965	2,078	2,805	1,514	1,815	379	275	156	70	29
2012	영등포구	대림3동	2,899	9,554	3,675	5,184	2,242	3,366	907	731	426	273	100
2012	영등포구	영등포본동	1,137	4,122	2,130	2,148	1,138	1,170	590	630	319	174	83
2012	영등포구	영등포동	6,215	34,074	14,685	11,854	5,548	17,757	7,058	3,821	1,811	642	268
2012	영등포구	도림동	979	2,812	1,112	1,623	793	931	196	77	34	181	89
2012	영등포구	문래동	4,956	36,952	13,384	9,108	2,789	26,135	9,774	1,226	666	483	155
2012	동작구	소계	20,022	99,628	46,784	39,981	21,132	36,641	14,278	19,340	9,799	3,666	1,575
2012	동작구	노량진2동	1,060	5,119	2,436	1,948	1,062	1,778	773	1,287	550	106	51
2012	동작구	상도1동	1,670	6,517	3,078	3,471	1,731	1,201	525	1,507	655	338	167
2012	동작구	상도2동	1,281	4,346	2,326	2,611	1,468	844	318	713	474	178	66
2012	동작구	상도3동	992	2,748	1,501	1,940	1,057	488	277	235	137	85	30
2012	동작구	상도4동	1,021	2,694	1,418	1,631	809	295	104	597	425	171	80
2012	동작구	사당1동	1,808	8,482	4,266	3,661	2,035	4,072	1,938	557	191	192	102
2012	동작구	사당3동	1,011	4,444	2,178	2,037	1,056	1,432	652	756	394	219	76
2012	동작구	사당4동	698	1,672	857	1,246	655	113	21	227	148	86	33
2012	동작구	사당5동	494	1,521	750	783	329	224	75	422	310	92	36
2012	동작구	대방동	1,653	12,649	4,794	3,334	1,745	6,991	1,955	1,865	936	459	158
2012	동작구	신대방1동	1,018	3,975	1,867	1,990	1,125	1,384	467	405	238	196	37
2012	동작구	신대방2동	1,263	19,901	8,790	2,509	1,445	12,449	4,803	4,290	2,168	653	374
2012	동작구	흑석동	1,619	9,261	4,675	2,966	1,659	917	335	5,100	2,572	278	109
2012	동작구	노량진1동	2,881	10,811	5,043	6,506	3,070	3,085	1,455	921	414	299	104
2012	동작구	사당2동	1,553	5,488	2,805	3,348	1,886	1,368	580	458	187	314	152
2012	관악구	소계	26,294	109,069	50,519	55,663	29,511	31,615	10,729	18,076	8,408	3,715	1,871
2012	관악구	보라매동	1,280	4,477	2,234	2,440	1,381	1,310	332	637	486	90	35
2012	관악구	청림동	393	998	568	761	471	70	18	66	45	101	34
2012	관악구	행운동	1,435	4,895	2,496	3,112	1,760	996	281	569	343	218	112
2012	관악구	낙성대동	1,242	8,242	3,813	3,422	1,887	3,756	1,451	927	415	137	60
2012	관악구	중앙동	1,443	4,363	2,314	2,564	1,186	1,457	926	167	110	175	92
2012	관악구	인헌동	1,123	4,316	2,164	2,205	1,208	1,667	712	322	188	122	56
2012	관악구	남현동	795	5,538	2,171	1,667	902	3,351	1,034	442	197	78	38
2012	관악구	서원동	1,267	7,033	3,778	3,775	2,114	2,707	1,357	265	144	286	163
2012	관악구	신원동	887	2,385	1,294	1,672	898	238	108	325	205	150	83
2012	관악구	서림동	844	2,654	1,078	1,774	790	568	118	204	106	108	64
2012	관악구	신사동	1,498	4,940	2,348	3,254	1,627	1,286	494	280	162	120	65
2012	관악구	신림동	1,752	6,754	3,376	4,599	2,653	1,691	534	362	138	102	51
2012	관악구	난향동	379	1,642	845	728	392	509	185	264	186	141	82
2012	관악구	조원동	2,176	6,979	3,090	4,588	2,334	1,754	553	519	158	118	45
2012	관악구	대학동	1,596	10,394	4,073	3,398	1,646	1,034	268	5,597	1,993	365	166
2012	관악구	은천동	1,633	7,599	3,301	3,651	1,992	2,836	665	880	517	232	127
2012	관악구	성현동	857	2,495	1,362	1,618	825	300	132	413	326	164	79
2012	관악구	청룡동	1,986	11,677	4,906	3,866	2,150	3,290	861	4,190	1,719	331	176
2012	관악구	난곡동	936	2,327	1,154	1,650	812	82	48	451	228	144	66
2012	관악구	삼성동	1,160	2,600	1,323	1,663	804	192	64	476	314	269	141
2012	관악구	미성동	1,612	6,761	2,831	3,256	1,679	2,521	588	720	428	264	136
2012	서초구	소계	42,602	376,962	139,775	78,151	41,148	253,055	77,700	39,692	18,930	6,064	1,997
2012	서초구	서초1동	3,138	28,304	9,599	4,927	2,412	20,715	6,033	2,255	960	407	194
2012	서초구	서초2동	4,131	46,119	16,505	6,507	3,576	35,395	11,018	3,603	1,773	614	138
2012	서초구	서초3동	6,695	63,373	23,663	12,561	6,028	37,758	12,284	12,328	5,069	726	282
2012	서초구	서초4동	2,658	26,148	11,393	8,412	4,915	15,871	5,674	1,137	645	728	159
2012	서초구	잠원동	2,231	15,673	7,385	4,155	2,193	10,551	4,804	412	245	555	143
2012	서초구	반포본동	644	2,296	1,191	1,127	685	608	221	461	272	100	13
2012	서초구	반포1동	1,524	9,872	4,031	3,523	1,995	5,540	1,603	546	355	263	78
2012	서초구	반포2동	405	1,990	1,005	761	470	470	197	552	255	207	83
2012	서초구	반포3동	882	5,766	2,606	1,728	999	2,946	1,021	711	514	381	72
2012	서초구	반포4동	3,325	28,714	13,691	7,296	4,295	15,730	5,672	5,342	3,558	346	166
2012	서초구	방배본동	1,585	11,363	5,337	2,830	1,420	8,005	3,719	251	139	277	59
2012	서초구	방배1동	1,602	14,976	3,754	2,851	1,484	11,616	1,997	409	234	100	39
2012	서초구	방배2동	1,880	16,233	5,334	3,127	1,522	11,216	3,223	1,663	462	227	127
2012	서초구	방배3동	1,124	10,357	3,688	2,380	1,318	6,315	1,571	1,330	707	332	92
2012	서초구	방배4동	2,315	15,252	5,483	4,033	2,227	10,255	2,800	738	355	226	101
2012	서초구	양재1동	3,070	30,622	9,252	4,422	2,204	23,280	5,618	2,520	1,267	400	163
2012	서초구	양재2동	4,942	45,417	14,302	6,811	3,088	35,081	10,008	3,390	1,149	135	57
2012	서초구	내곡동	451	4,487	1,556	700	317	1,703	237	2,044	971	40	31
2012	강남구	소계	62,448	611,206	249,599	130,475	73,618	423,269	149,163	50,318	24,394	7,144	2,424
2012	강남구	신사동	4,423	26,400	13,607	11,083	6,565	14,610	6,743	510	250	197	49
2012	강남구	논현1동	5,049	37,939	16,035	10,342	5,502	26,511	10,021	874	418	212	94
2012	강남구	논현2동	5,086	53,983	21,062	9,734	5,216	40,411	14,318	3,590	1,423	248	105
2012	강남구	삼성1동	3,657	57,706	21,967	7,344	4,626	45,926	15,690	4,028	1,501	408	150
2012	강남구	삼성2동	3,054	30,856	12,084	5,211	2,649	22,046	7,666	3,161	1,612	438	157
2012	강남구	대치1동	1,040	6,289	3,407	2,928	1,837	2,115	1,060	972	416	274	94
2012	강남구	대치4동	3,272	31,940	11,670	7,831	4,460	23,003	6,584	938	568	168	58
2012	강남구	역삼1동	11,473	133,384	52,050	23,258	12,946	97,408	33,850	11,951	4,961	767	293
2012	강남구	역삼2동	2,799	37,603	13,819	5,371	2,850	30,158	10,035	1,649	755	425	179
2012	강남구	도곡1동	1,426	13,664	5,677	2,986	1,667	7,921	2,283	2,390	1,606	367	121
2012	강남구	도곡2동	1,698	16,951	6,365	3,063	1,670	11,654	3,746	1,935	834	299	115
2012	강남구	개포1동	448	1,291	545	561	262	331	111	218	157	181	15
2012	강남구	개포4동	3,307	13,458	4,149	4,487	1,569	7,573	2,001	1,134	484	264	95
2012	강남구	일원본동	481	8,005	5,396	885	528	385	231	6,421	4,566	314	71
2012	강남구	일원1동	868	4,248	1,810	1,868	1,015	1,822	567	442	193	116	35
2012	강남구	일원2동	573	5,505	2,052	920	512	1,582	487	2,787	994	216	59
2012	강남구	수서동	1,492	14,416	5,091	1,786	893	11,725	3,716	671	358	234	124
2012	강남구	세곡동	400	1,881	571	654	282	738	135	442	135	47	19
2012	강남구	압구정동	3,983	26,298	14,608	10,900	6,956	14,201	7,071	649	423	548	158
2012	강남구	청담동	3,672	37,003	17,855	11,072	7,053	24,324	9,951	1,314	744	293	107
2012	강남구	대치2동	3,200	48,576	17,938	6,436	3,636	37,907	12,641	3,465	1,443	768	218
2012	강남구	개포2동	1,047	3,810	1,841	1,755	924	918	256	777	553	360	108
2012	송파구	소계	43,771	257,200	100,121	77,855	40,073	140,194	40,459	33,049	16,836	6,102	2,753
2012	송파구	풍납1동	813	2,320	1,250	1,260	671	801	428	211	131	48	20
2012	송파구	풍납2동	1,210	14,637	8,740	2,605	1,441	2,464	971	9,302	6,196	266	132
2012	송파구	거여1동	788	2,665	1,355	1,558	857	568	163	357	242	182	93
2012	송파구	거여2동	1,243	4,283	1,894	2,166	1,127	1,437	346	477	321	203	100
2012	송파구	마천1동	923	2,106	979	1,441	711	274	47	215	135	176	86
2012	송파구	마천2동	1,365	4,128	1,865	2,430	1,205	814	247	520	206	364	207
2012	송파구	방이1동	1,290	8,988	3,628	2,795	1,571	5,586	1,722	482	281	125	54
2012	송파구	방이2동	2,849	21,109	7,040	5,994	3,109	13,993	3,386	672	253	450	292
2012	송파구	오륜동	521	4,111	1,867	641	412	1,193	507	2,069	852	208	96
2012	송파구	오금동	3,211	15,708	5,548	5,250	2,093	8,385	2,379	1,614	931	459	145
2012	송파구	송파1동	2,467	11,042	4,038	4,644	2,235	5,918	1,567	298	180	182	56
2012	송파구	송파2동	893	4,614	1,869	1,456	787	2,363	702	589	323	206	57
2012	송파구	석촌동	2,801	14,862	5,690	6,258	3,319	8,074	2,084	301	176	229	111
2012	송파구	삼전동	2,035	10,220	3,355	3,787	1,898	5,496	1,016	737	334	200	107
2012	송파구	가락본동	3,451	29,940	10,718	5,976	3,183	19,181	5,825	4,450	1,602	333	108
2012	송파구	가락1동	3,432	10,371	3,172	2,958	1,112	6,484	1,718	682	227	247	115
2012	송파구	가락2동	1,871	9,247	3,900	3,324	1,726	4,730	1,674	878	340	315	160
2012	송파구	문정1동	1,425	7,913	2,609	2,399	1,182	5,082	1,159	278	197	154	71
2012	송파구	문정2동	2,044	10,279	3,550	3,281	1,605	6,334	1,798	622	125	42	22
2012	송파구	장지동	1,465	10,267	3,148	2,436	1,201	6,362	1,118	1,003	583	466	246
2012	송파구	잠실본동	3,150	17,312	6,857	6,984	3,682	9,731	2,899	344	163	253	113
2012	송파구	잠실4동	473	1,890	1,103	1,062	674	282	138	360	226	186	65
2012	송파구	잠실6동	1,971	26,355	8,813	2,948	1,573	18,803	5,537	4,479	1,633	125	70
2012	송파구	잠실7동	200	970	525	288	160	233	87	378	250	71	28
2012	송파구	잠실2동	713	3,534	1,925	1,471	975	490	190	1,252	664	321	96
2012	송파구	잠실3동	1,167	8,329	4,683	2,443	1,564	5,116	2,751	479	265	291	103
2012	강동구	소계	29,694	129,430	59,303	58,692	30,393	50,693	18,422	16,385	9,182	3,660	1,306
2012	강동구	강일동	603	10,962	3,338	1,394	810	8,764	2,165	648	316	156	47
2012	강동구	상일동	1,237	5,238	2,685	1,995	830	580	198	2,415	1,588	248	69
2012	강동구	명일1동	1,650	4,937	2,752	3,510	2,086	909	480	349	146	169	40
2012	강동구	명일2동	1,265	4,869	2,650	2,792	1,661	1,139	602	701	300	237	87
2012	강동구	고덕1동	577	1,878	954	873	437	142	73	762	428	101	16
2012	강동구	고덕2동	1,927	3,795	1,111	2,303	535	606	102	772	442	114	32
2012	강동구	암사2동	784	3,170	1,530	1,688	988	1,170	373	228	150	84	19
2012	강동구	암사3동	575	2,019	888	958	511	555	157	399	190	107	30
2012	강동구	천호1동	1,555	5,296	2,681	2,849	1,430	1,425	579	891	620	131	52
2012	강동구	천호3동	1,862	6,456	3,120	3,281	1,674	2,668	1,243	276	128	231	75
2012	강동구	성내1동	2,137	14,744	5,508	3,985	1,991	7,867	2,338	2,762	1,113	130	66
2012	강동구	성내2동	1,954	7,849	4,134	3,942	2,071	3,575	1,904	153	86	179	73
2012	강동구	성내3동	2,372	10,355	4,573	4,975	2,582	4,841	1,754	229	140	310	97
2012	강동구	둔촌1동	402	1,390	626	504	276	307	144	361	191	218	15
2012	강동구	둔촌2동	1,575	9,051	4,346	3,107	1,530	3,492	1,296	2,216	1,445	236	75
2012	강동구	암사1동	1,947	4,984	2,327	3,548	1,832	925	211	351	206	160	78
2012	강동구	천호2동	3,404	13,651	6,960	7,941	4,014	4,365	2,056	846	548	499	342
2012	강동구	길동	3,868	18,786	9,120	9,047	5,135	7,363	2,747	2,026	1,145	350	93