기간	자치구	동	전체인구	전체인구	전체인구	65세이상 인구	65세이상 인구	65세이상 인구	65세이상 인구	65세이상 인구	65세이상 인구	65세이상 인구	65세이상 인구	65세이상 인구
기간	자치구	동	전체인구	전체인구	전체인구	합계	합계	합계	내국인	내국인	내국인	외국인	외국인	외국인
기간	자치구	동	계	남자	여자	계	남자	여자	계	남자	여자	계	남자	여자
2016	합계	합계	10,204,057	5,007,379	5,196,678	1,300,877	573,091	727,786	1,295,899	570,490	725,409	4,978	2,601	2,377
2016	종로구	소계	161,922	79,322	82,600	25,091	10,979	14,112	24,950	10,895	14,055	141	84	57
2016	종로구	사직동	10,013	4,605	5,408	1,707	736	971	1,699	732	967	8	4	4
2016	종로구	삼청동	3,118	1,491	1,627	624	279	345	616	272	344	8	7	1
2016	종로구	부암동	11,044	5,349	5,695	1,723	768	955	1,721	767	954	2	1	1
2016	종로구	평창동	19,457	9,220	10,237	2,952	1,240	1,712	2,941	1,232	1,709	11	8	3
2016	종로구	무악동	8,516	3,998	4,518	1,206	505	701	1,202	503	699	4	2	2
2016	종로구	교남동	4,748	2,257	2,491	888	355	533	887	354	533	1	1	-
2016	종로구	가회동	4,780	2,225	2,555	878	357	521	869	351	518	9	6	3
2016	종로구	종로1.2.3.4가동	8,727	5,077	3,650	1,814	966	848	1,786	950	836	28	16	12
2016	종로구	종로5·6가동	5,775	3,158	2,617	1,089	511	578	1,086	511	575	3	-	3
2016	종로구	이화동	8,927	4,198	4,729	1,259	513	746	1,257	512	745	2	1	1
2016	종로구	창신1동	6,590	3,543	3,047	1,101	530	571	1,092	526	566	9	4	5
2016	종로구	창신2동	10,701	5,413	5,288	1,566	672	894	1,545	660	885	21	12	9
2016	종로구	창신3동	7,753	3,879	3,874	1,068	470	598	1,065	467	598	3	3	-
2016	종로구	숭인1동	7,109	3,531	3,578	1,036	443	593	1,033	440	593	3	3	-
2016	종로구	숭인2동	10,148	5,119	5,029	1,567	757	810	1,559	752	807	8	5	3
2016	종로구	청운효자동	14,111	6,714	7,397	2,093	851	1,242	2,077	842	1,235	16	9	7
2016	종로구	혜화동	20,405	9,545	10,860	2,520	1,026	1,494	2,515	1,024	1,491	5	2	3
2016	중구	소계	134,409	66,452	67,957	20,606	8,965	11,641	20,388	8,852	11,536	218	113	105
2016	중구	소공동	2,596	1,376	1,220	229	113	116	210	101	109	19	12	7
2016	중구	회현동	6,128	3,390	2,738	1,316	681	635	1,266	655	611	50	26	24
2016	중구	명동	3,524	1,577	1,947	651	243	408	633	232	401	18	11	7
2016	중구	필동	5,120	2,530	2,590	780	336	444	775	335	440	5	1	4
2016	중구	장충동	5,845	2,843	3,002	756	326	430	749	325	424	7	1	6
2016	중구	광희동	6,031	3,089	2,942	1,067	513	554	1,049	502	547	18	11	7
2016	중구	을지로동	1,826	1,131	695	423	241	182	414	237	177	9	4	5
2016	중구	신당5동	10,164	5,069	5,095	1,478	594	884	1,467	587	880	11	7	4
2016	중구	황학동	13,217	6,554	6,663	1,720	776	944	1,709	771	938	11	5	6
2016	중구	중림동	8,902	4,501	4,401	1,543	699	844	1,531	693	838	12	6	6
2016	중구	신당동	9,429	4,706	4,723	1,205	539	666	1,180	525	655	25	14	11
2016	중구	다산동	15,956	7,747	8,209	2,326	1,012	1,314	2,315	1,007	1,308	11	5	6
2016	중구	약수동	18,796	8,985	9,811	3,194	1,306	1,888	3,185	1,302	1,883	9	4	5
2016	중구	청구동	15,233	7,293	7,940	2,346	914	1,432	2,340	911	1,429	6	3	3
2016	중구	동화동	11,642	5,661	5,981	1,572	672	900	1,565	669	896	7	3	4
2016	용산구	소계	245,102	119,636	125,466	35,915	15,100	20,815	35,547	14,866	20,681	368	234	134
2016	용산구	후암동	19,308	9,534	9,774	2,871	1,178	1,693	2,853	1,167	1,686	18	11	7
2016	용산구	용산2가동	12,746	6,210	6,536	1,952	795	1,157	1,930	780	1,150	22	15	7
2016	용산구	남영동	8,762	5,269	3,493	1,434	816	618	1,420	806	614	14	10	4
2016	용산구	원효로2동	15,512	7,283	8,229	2,163	892	1,271	2,158	891	1,267	5	1	4
2016	용산구	효창동	9,566	4,643	4,923	1,369	572	797	1,364	570	794	5	2	3
2016	용산구	용문동	12,862	6,199	6,663	1,819	753	1,066	1,815	750	1,065	4	3	1
2016	용산구	이촌1동	29,134	13,623	15,511	4,017	1,644	2,373	3,982	1,620	2,362	35	24	11
2016	용산구	이촌2동	9,380	4,442	4,938	1,612	634	978	1,607	632	975	5	2	3
2016	용산구	이태원1동	8,806	4,379	4,427	1,442	548	894	1,408	526	882	34	22	12
2016	용산구	이태원2동	11,004	5,237	5,767	1,825	751	1,074	1,797	731	1,066	28	20	8
2016	용산구	서빙고동	14,507	7,041	7,466	2,017	804	1,213	1,992	784	1,208	25	20	5
2016	용산구	보광동	16,988	8,477	8,511	2,600	1,057	1,543	2,581	1,046	1,535	19	11	8
2016	용산구	청파동	21,913	10,414	11,499	3,057	1,261	1,796	3,039	1,255	1,784	18	6	12
2016	용산구	원효로1동	14,717	7,212	7,505	1,703	780	923	1,679	765	914	24	15	9
2016	용산구	한강로동	16,463	8,193	8,270	2,745	1,236	1,509	2,680	1,194	1,486	65	42	23
2016	용산구	한남동	23,434	11,480	11,954	3,289	1,379	1,910	3,242	1,349	1,893	47	30	17
2016	성동구	소계	307,161	152,006	155,155	39,262	17,074	22,188	39,140	17,005	22,135	122	69	53
2016	성동구	왕십리2동	16,917	8,335	8,582	2,184	951	1,233	2,179	947	1,232	5	4	1
2016	성동구	마장동	24,569	12,121	12,448	3,279	1,465	1,814	3,269	1,460	1,809	10	5	5
2016	성동구	사근동	12,722	6,478	6,244	1,410	611	799	1,402	607	795	8	4	4
2016	성동구	행당1동	14,708	7,214	7,494	2,025	877	1,148	2,023	876	1,147	2	1	1
2016	성동구	행당2동	25,748	12,191	13,557	3,154	1,320	1,834	3,148	1,318	1,830	6	2	4
2016	성동구	응봉동	16,921	8,095	8,826	2,260	974	1,286	2,259	974	1,285	1	-	1
2016	성동구	금호1가동	13,419	6,498	6,921	1,975	813	1,162	1,970	809	1,161	5	4	1
2016	성동구	금호4가동	14,557	7,033	7,524	1,945	792	1,153	1,942	791	1,151	3	1	2
2016	성동구	성수1가1동	17,231	8,715	8,516	1,865	827	1,038	1,855	821	1,034	10	6	4
2016	성동구	성수1가2동	17,024	8,600	8,424	1,943	875	1,068	1,938	875	1,063	5	-	5
2016	성동구	성수2가1동	19,378	10,085	9,293	2,490	1,148	1,342	2,478	1,139	1,339	12	9	3
2016	성동구	성수2가3동	12,142	6,310	5,832	1,566	732	834	1,561	730	831	5	2	3
2016	성동구	송정동	12,005	6,362	5,643	1,497	690	807	1,481	679	802	16	11	5
2016	성동구	용답동	17,059	9,009	8,050	2,326	1,045	1,281	2,315	1,039	1,276	11	6	5
2016	성동구	왕십리도선동	22,878	11,072	11,806	2,749	1,159	1,590	2,741	1,156	1,585	8	3	5
2016	성동구	금호2.3가동	25,038	12,086	12,952	3,458	1,440	2,018	3,456	1,439	2,017	2	1	1
2016	성동구	옥수동	24,845	11,802	13,043	3,136	1,355	1,781	3,123	1,345	1,778	13	10	3
2016	광진구	소계	372,104	181,251	190,853	41,441	18,421	23,020	41,292	18,345	22,947	149	76	73
2016	광진구	화양동	24,495	11,456	13,039	2,114	938	1,176	2,103	933	1,170	11	5	6
2016	광진구	군자동	22,048	10,868	11,180	2,455	1,086	1,369	2,447	1,082	1,365	8	4	4
2016	광진구	중곡1동	16,342	8,105	8,237	2,078	961	1,117	2,059	945	1,114	19	16	3
2016	광진구	중곡2동	22,877	11,131	11,746	2,570	1,168	1,402	2,569	1,168	1,401	1	-	1
2016	광진구	중곡3동	17,960	8,883	9,077	2,261	1,001	1,260	2,258	1,001	1,257	3	-	3
2016	광진구	중곡4동	31,786	15,656	16,130	4,041	1,785	2,256	4,037	1,784	2,253	4	1	3
2016	광진구	능동	11,648	5,525	6,123	1,340	603	737	1,338	602	736	2	1	1
2016	광진구	구의1동	23,387	11,208	12,179	2,666	1,174	1,492	2,655	1,169	1,486	11	5	6
2016	광진구	구의2동	25,889	12,701	13,188	3,287	1,470	1,817	3,281	1,466	1,815	6	4	2
2016	광진구	구의3동	29,789	14,327	15,462	3,168	1,405	1,763	3,164	1,402	1,762	4	3	1
2016	광진구	광장동	36,613	17,771	18,842	3,076	1,333	1,743	3,074	1,332	1,742	2	1	1
2016	광진구	자양1동	23,951	11,693	12,258	2,739	1,179	1,560	2,720	1,169	1,551	19	10	9
2016	광진구	자양2동	27,532	13,591	13,941	3,048	1,368	1,680	3,045	1,368	1,677	3	-	3
2016	광진구	자양3동	30,555	14,803	15,752	3,151	1,408	1,743	3,143	1,405	1,738	8	3	5
2016	광진구	자양4동	27,232	13,533	13,699	3,447	1,542	1,905	3,399	1,519	1,880	48	23	25
2016	동대문구	소계	370,312	183,444	186,868	53,460	23,661	29,799	53,301	23,581	29,720	159	80	79
2016	동대문구	회기동	12,587	5,756	6,831	1,401	599	802	1,389	591	798	12	8	4
2016	동대문구	휘경1동	14,964	7,312	7,652	2,097	915	1,182	2,091	913	1,178	6	2	4
2016	동대문구	휘경2동	25,467	12,503	12,964	3,208	1,409	1,799	3,205	1,407	1,798	3	2	1
2016	동대문구	청량리동	23,560	11,784	11,776	4,740	2,054	2,686	4,720	2,045	2,675	20	9	11
2016	동대문구	용신동	33,484	17,193	16,291	5,294	2,420	2,874	5,264	2,404	2,860	30	16	14
2016	동대문구	제기동	28,551	14,248	14,303	4,834	2,133	2,701	4,819	2,125	2,694	15	8	7
2016	동대문구	전농1동	30,779	15,556	15,223	4,852	2,169	2,683	4,832	2,160	2,672	20	9	11
2016	동대문구	전농2동	20,793	10,066	10,727	2,994	1,316	1,678	2,991	1,315	1,676	3	1	2
2016	동대문구	답십리1동	24,846	12,190	12,656	3,181	1,354	1,827	3,176	1,353	1,823	5	1	4
2016	동대문구	답십리2동	30,291	14,869	15,422	4,513	1,967	2,546	4,507	1,964	2,543	6	3	3
2016	동대문구	장안1동	38,812	19,444	19,368	4,892	2,297	2,595	4,877	2,291	2,586	15	6	9
2016	동대문구	장안2동	31,441	15,876	15,565	3,920	1,778	2,142	3,915	1,775	2,140	5	3	2
2016	동대문구	이문1동	32,045	15,492	16,553	4,331	1,837	2,494	4,317	1,829	2,488	14	8	6
2016	동대문구	이문2동	22,692	11,155	11,537	3,203	1,413	1,790	3,198	1,409	1,789	5	4	1
2016	중랑구	소계	415,677	206,772	208,905	55,914	24,736	31,178	55,842	24,702	31,140	72	34	38
2016	중랑구	면목2동	27,424	13,772	13,652	3,609	1,588	2,021	3,607	1,586	2,021	2	2	-
2016	중랑구	면목4동	21,957	10,923	11,034	3,163	1,350	1,813	3,160	1,347	1,813	3	3	-
2016	중랑구	면목5동	10,824	5,533	5,291	1,503	693	810	1,498	690	808	5	3	2
2016	중랑구	면목7동	23,357	11,618	11,739	3,468	1,546	1,922	3,464	1,543	1,921	4	3	1
2016	중랑구	상봉1동	26,152	12,825	13,327	3,005	1,292	1,713	3,001	1,291	1,710	4	1	3
2016	중랑구	상봉2동	19,050	9,503	9,547	2,481	1,139	1,342	2,477	1,137	1,340	4	2	2
2016	중랑구	중화1동	21,285	10,539	10,746	2,755	1,219	1,536	2,752	1,217	1,535	3	2	1
2016	중랑구	중화2동	28,578	14,697	13,881	4,230	1,916	2,314	4,215	1,912	2,303	15	4	11
2016	중랑구	묵1동	34,516	16,933	17,583	4,475	2,024	2,451	4,473	2,023	2,450	2	1	1
2016	중랑구	묵2동	20,250	10,035	10,215	2,701	1,216	1,485	2,697	1,214	1,483	4	2	2
2016	중랑구	망우3동	18,741	9,360	9,381	2,646	1,162	1,484	2,642	1,160	1,482	4	2	2
2016	중랑구	신내1동	42,023	20,571	21,452	5,213	2,264	2,949	5,211	2,262	2,949	2	2	-
2016	중랑구	신내2동	23,511	11,397	12,114	3,012	1,252	1,760	3,011	1,252	1,759	1	-	1
2016	중랑구	면목본동	36,839	18,375	18,464	4,884	2,160	2,724	4,879	2,158	2,721	5	2	3
2016	중랑구	면목3.8동	28,137	14,044	14,093	4,081	1,810	2,271	4,074	1,807	2,267	7	3	4
2016	중랑구	망우본동	33,033	16,647	16,386	4,688	2,105	2,583	4,681	2,103	2,578	7	2	5
2016	성북구	소계	461,617	224,504	237,113	64,015	27,555	36,460	63,878	27,492	36,386	137	63	74
2016	성북구	돈암1동	17,007	8,029	8,978	2,389	1,002	1,387	2,389	1,002	1,387	-	-	-
2016	성북구	돈암2동	23,681	11,356	12,325	2,680	1,142	1,538	2,678	1,142	1,536	2	-	2
2016	성북구	안암동	18,211	8,876	9,335	2,023	856	1,167	2,016	854	1,162	7	2	5
2016	성북구	보문동	15,069	7,314	7,755	2,041	861	1,180	2,036	857	1,179	5	4	1
2016	성북구	정릉1동	19,273	9,249	10,024	2,614	1,113	1,501	2,607	1,111	1,496	7	2	5
2016	성북구	정릉2동	24,609	12,116	12,493	3,752	1,637	2,115	3,745	1,634	2,111	7	3	4
2016	성북구	정릉3동	17,630	8,790	8,840	2,915	1,223	1,692	2,914	1,223	1,691	1	-	1
2016	성북구	정릉4동	27,818	13,516	14,302	4,023	1,772	2,251	4,017	1,769	2,248	6	3	3
2016	성북구	길음1동	37,908	18,221	19,687	3,928	1,637	2,291	3,921	1,633	2,288	7	4	3
2016	성북구	길음2동	13,173	6,458	6,715	2,037	897	1,140	2,032	893	1,139	5	4	1
2016	성북구	월곡1동	28,450	13,797	14,653	3,910	1,687	2,223	3,907	1,687	2,220	3	-	3
2016	성북구	월곡2동	21,147	10,406	10,741	3,001	1,320	1,681	2,994	1,318	1,676	7	2	5
2016	성북구	장위1동	22,573	11,238	11,335	3,405	1,502	1,903	3,400	1,501	1,899	5	1	4
2016	성북구	장위2동	20,533	10,267	10,266	3,523	1,534	1,989	3,515	1,531	1,984	8	3	5
2016	성북구	장위3동	13,226	6,700	6,526	2,055	980	1,075	2,054	980	1,074	1	-	1
2016	성북구	성북동	18,331	8,727	9,604	2,845	1,210	1,635	2,826	1,201	1,625	19	9	10
2016	성북구	삼선동	27,510	13,315	14,195	3,794	1,562	2,232	3,786	1,557	2,229	8	5	3
2016	성북구	동선동	16,770	7,269	9,501	2,055	847	1,208	2,037	835	1,202	18	12	6
2016	성북구	종암동	43,625	21,345	22,280	5,702	2,398	3,304	5,697	2,396	3,301	5	2	3
2016	성북구	석관동	35,073	17,515	17,558	5,323	2,375	2,948	5,307	2,368	2,939	16	7	9
2016	강북구	소계	330,704	162,211	168,493	54,053	23,318	30,735	53,964	23,273	30,691	89	45	44
2016	강북구	번1동	20,334	10,043	10,291	3,086	1,371	1,715	3,077	1,366	1,711	9	5	4
2016	강북구	번2동	18,407	9,010	9,397	3,415	1,386	2,029	3,412	1,386	2,026	3	-	3
2016	강북구	번3동	19,882	9,497	10,385	4,108	1,648	2,460	4,107	1,648	2,459	1	-	1
2016	강북구	수유1동	22,844	11,329	11,515	3,734	1,649	2,085	3,728	1,648	2,080	6	1	5
2016	강북구	수유2동	22,372	10,965	11,407	3,941	1,684	2,257	3,936	1,682	2,254	5	2	3
2016	강북구	수유3동	24,126	12,066	12,060	3,833	1,730	2,103	3,829	1,728	2,101	4	2	2
2016	강북구	삼양동	29,747	14,851	14,896	4,600	2,022	2,578	4,596	2,018	2,578	4	4	-
2016	강북구	미아동	23,591	11,428	12,163	3,704	1,587	2,117	3,685	1,579	2,106	19	8	11
2016	강북구	송중동	29,310	14,228	15,082	4,901	2,149	2,752	4,892	2,143	2,749	9	6	3
2016	강북구	송천동	30,536	15,213	15,323	5,251	2,315	2,936	5,243	2,310	2,933	8	5	3
2016	강북구	삼각산동	34,452	16,697	17,755	3,626	1,476	2,150	3,621	1,473	2,148	5	3	2
2016	강북구	우이동	22,014	10,793	11,221	3,982	1,752	2,230	3,974	1,746	2,228	8	6	2
2016	강북구	인수동	33,089	16,091	16,998	5,872	2,549	3,323	5,864	2,546	3,318	8	3	5
2016	도봉구	소계	350,272	172,006	178,266	50,510	22,340	28,170	50,466	22,318	28,148	44	22	22
2016	도봉구	쌍문1동	22,555	11,005	11,550	3,603	1,587	2,016	3,601	1,586	2,015	2	1	1
2016	도봉구	쌍문2동	21,104	10,240	10,864	3,144	1,345	1,799	3,142	1,344	1,798	2	1	1
2016	도봉구	쌍문3동	17,762	8,652	9,110	2,829	1,262	1,567	2,826	1,260	1,566	3	2	1
2016	도봉구	쌍문4동	20,763	9,958	10,805	2,325	998	1,327	2,318	994	1,324	7	4	3
2016	도봉구	방학1동	31,371	15,622	15,749	4,485	2,067	2,418	4,482	2,065	2,417	3	2	1
2016	도봉구	방학2동	22,391	11,370	11,021	3,520	1,549	1,971	3,516	1,548	1,968	4	1	3
2016	도봉구	방학3동	30,448	14,894	15,554	3,723	1,587	2,136	3,723	1,587	2,136	-	-	-
2016	도봉구	창1동	27,745	13,400	14,345	3,710	1,563	2,147	3,705	1,561	2,144	5	2	3
2016	도봉구	창2동	31,477	15,487	15,990	4,071	1,819	2,252	4,068	1,817	2,251	3	2	1
2016	도봉구	창3동	15,568	7,774	7,794	2,434	1,059	1,375	2,431	1,059	1,372	3	-	3
2016	도봉구	창4동	29,374	14,230	15,144	3,476	1,500	1,976	3,473	1,498	1,975	3	2	1
2016	도봉구	창5동	26,862	13,013	13,849	3,406	1,512	1,894	3,404	1,511	1,893	2	1	1
2016	도봉구	도봉1동	23,628	11,961	11,667	4,709	2,172	2,537	4,705	2,171	2,534	4	1	3
2016	도봉구	도봉2동	29,224	14,400	14,824	5,075	2,320	2,755	5,072	2,317	2,755	3	3	-
2016	노원구	소계	571,212	277,866	293,346	70,887	29,295	41,592	70,819	29,263	41,556	68	32	36
2016	노원구	월계1동	24,289	12,523	11,766	3,486	1,592	1,894	3,485	1,591	1,894	1	1	-
2016	노원구	월계2동	26,914	13,038	13,876	4,318	1,765	2,553	4,315	1,764	2,551	3	1	2
2016	노원구	월계3동	33,919	16,395	17,524	4,756	2,007	2,749	4,753	2,006	2,747	3	1	2
2016	노원구	공릉2동	44,747	22,157	22,590	4,384	1,932	2,452	4,377	1,928	2,449	7	4	3
2016	노원구	하계1동	29,914	14,497	15,417	3,552	1,248	2,304	3,548	1,248	2,300	4	-	4
2016	노원구	하계2동	24,778	11,980	12,798	2,678	1,073	1,605	2,673	1,070	1,603	5	3	2
2016	노원구	중계본동	28,026	13,779	14,247	2,405	981	1,424	2,404	981	1,423	1	-	1
2016	노원구	중계1동	29,363	14,366	14,997	2,070	800	1,270	2,067	799	1,268	3	1	2
2016	노원구	중계4동	22,336	10,919	11,417	3,243	1,268	1,975	3,241	1,267	1,974	2	1	1
2016	노원구	상계1동	42,402	20,760	21,642	5,533	2,462	3,071	5,524	2,458	3,066	9	4	5
2016	노원구	상계2동	22,171	10,961	11,210	2,685	1,214	1,471	2,682	1,211	1,471	3	3	-
2016	노원구	상계5동	27,742	13,501	14,241	4,274	1,780	2,494	4,272	1,779	2,493	2	1	1
2016	노원구	상계8동	25,627	12,348	13,279	2,286	913	1,373	2,284	912	1,372	2	1	1
2016	노원구	상계9동	23,300	11,177	12,123	2,579	1,058	1,521	2,577	1,056	1,521	2	2	-
2016	노원구	상계10동	19,155	8,955	10,200	1,975	779	1,196	1,970	776	1,194	5	3	2
2016	노원구	상계3.4동	30,174	15,140	15,034	5,519	2,390	3,129	5,514	2,388	3,126	5	2	3
2016	노원구	상계6.7동	36,593	17,156	19,437	3,892	1,549	2,343	3,889	1,548	2,341	3	1	2
2016	노원구	중계2.3동	39,542	18,518	21,024	6,201	2,260	3,941	6,196	2,257	3,939	5	3	2
2016	노원구	공릉1동	40,220	19,696	20,524	5,051	2,224	2,827	5,048	2,224	2,824	3	-	3
2016	은평구	소계	495,937	241,048	254,889	71,457	31,025	40,432	71,304	30,951	40,353	153	74	79
2016	은평구	녹번동	33,068	16,000	17,068	5,164	2,209	2,955	5,146	2,197	2,949	18	12	6
2016	은평구	불광1동	42,833	20,475	22,358	6,404	2,723	3,681	6,397	2,719	3,678	7	4	3
2016	은평구	갈현1동	25,974	12,722	13,252	3,821	1,673	2,148	3,813	1,670	2,143	8	3	5
2016	은평구	갈현2동	30,930	14,845	16,085	4,085	1,743	2,342	4,079	1,742	2,337	6	1	5
2016	은평구	구산동	34,302	17,333	16,969	5,081	2,545	2,536	5,072	2,540	2,532	9	5	4
2016	은평구	대조동	33,485	15,894	17,591	4,993	2,175	2,818	4,983	2,169	2,814	10	6	4
2016	은평구	응암1동	27,790	13,392	14,398	3,870	1,638	2,232	3,861	1,634	2,227	9	4	5
2016	은평구	응암2동	19,972	9,787	10,185	2,594	1,071	1,523	2,583	1,067	1,516	11	4	7
2016	은평구	신사1동	28,410	13,785	14,625	3,909	1,693	2,216	3,906	1,692	2,214	3	1	2
2016	은평구	신사2동	22,255	11,149	11,106	3,071	1,354	1,717	3,064	1,351	1,713	7	3	4
2016	은평구	증산동	19,422	9,666	9,756	2,960	1,339	1,621	2,954	1,336	1,618	6	3	3
2016	은평구	수색동	16,048	8,083	7,965	2,728	1,128	1,600	2,724	1,127	1,597	4	1	3
2016	은평구	진관동	53,811	25,680	28,131	6,219	2,647	3,572	6,211	2,642	3,569	8	5	3
2016	은평구	불광2동	29,881	14,627	15,254	4,944	2,155	2,789	4,933	2,150	2,783	11	5	6
2016	은평구	응암3동	27,152	13,337	13,815	4,782	2,000	2,782	4,759	1,987	2,772	23	13	10
2016	은평구	역촌동	50,604	24,273	26,331	6,832	2,932	3,900	6,819	2,928	3,891	13	4	9
2016	서대문구	소계	325,871	156,597	169,274	47,653	20,125	27,528	47,303	19,954	27,349	350	171	179
2016	서대문구	천연동	19,915	9,641	10,274	3,061	1,194	1,867	3,054	1,191	1,863	7	3	4
2016	서대문구	홍제1동	24,982	11,929	13,053	3,938	1,680	2,258	3,919	1,670	2,249	19	10	9
2016	서대문구	홍제3동	19,418	9,453	9,965	3,472	1,457	2,015	3,468	1,456	2,012	4	1	3
2016	서대문구	홍제2동	15,247	7,289	7,958	2,377	980	1,397	2,369	975	1,394	8	5	3
2016	서대문구	홍은1동	23,846	11,696	12,150	3,974	1,663	2,311	3,958	1,653	2,305	16	10	6
2016	서대문구	홍은2동	30,606	14,948	15,658	4,620	2,017	2,603	4,584	2,002	2,582	36	15	21
2016	서대문구	남가좌1동	16,929	8,205	8,724	1,882	822	1,060	1,870	815	1,055	12	7	5
2016	서대문구	남가좌2동	23,539	11,502	12,037	3,688	1,528	2,160	3,675	1,520	2,155	13	8	5
2016	서대문구	북가좌1동	19,873	9,653	10,220	2,590	1,112	1,478	2,582	1,111	1,471	8	1	7
2016	서대문구	북가좌2동	34,804	17,018	17,786	5,217	2,268	2,949	5,204	2,262	2,942	13	6	7
2016	서대문구	충현동	19,212	9,365	9,847	2,975	1,237	1,738	2,971	1,235	1,736	4	2	2
2016	서대문구	북아현동	12,993	6,259	6,734	1,832	742	1,090	1,823	738	1,085	9	4	5
2016	서대문구	신촌동	23,077	9,624	13,453	2,127	901	1,226	2,103	888	1,215	24	13	11
2016	서대문구	연희동	41,430	20,015	21,415	5,900	2,524	3,376	5,723	2,438	3,285	177	86	91
2016	마포구	소계	390,887	186,668	204,219	48,303	20,257	28,046	48,060	20,136	27,924	243	121	122
2016	마포구	용강동	22,535	10,826	11,709	2,525	1,038	1,487	2,505	1,029	1,476	20	9	11
2016	마포구	대흥동	14,223	6,700	7,523	1,834	783	1,051	1,817	775	1,042	17	8	9
2016	마포구	염리동	12,033	5,710	6,323	1,695	705	990	1,687	700	987	8	5	3
2016	마포구	신수동	22,093	10,781	11,312	2,836	1,190	1,646	2,831	1,186	1,645	5	4	1
2016	마포구	서교동	27,798	12,880	14,918	3,261	1,444	1,817	3,252	1,439	1,813	9	5	4
2016	마포구	합정동	20,272	9,585	10,687	2,416	1,016	1,400	2,409	1,012	1,397	7	4	3
2016	마포구	망원1동	22,292	10,760	11,532	3,049	1,296	1,753	3,044	1,295	1,749	5	1	4
2016	마포구	망원2동	20,494	9,855	10,639	2,679	1,172	1,507	2,672	1,169	1,503	7	3	4
2016	마포구	연남동	18,592	8,752	9,840	2,400	1,008	1,392	2,325	976	1,349	75	32	43
2016	마포구	성산1동	20,838	9,902	10,936	2,608	1,120	1,488	2,596	1,113	1,483	12	7	5
2016	마포구	성산2동	40,199	19,222	20,977	5,224	2,063	3,161	5,218	2,060	3,158	6	3	3
2016	마포구	상암동	33,814	16,388	17,426	3,395	1,456	1,939	3,386	1,452	1,934	9	4	5
2016	마포구	도화동	23,387	11,158	12,229	3,314	1,397	1,917	3,305	1,393	1,912	9	4	5
2016	마포구	서강동	26,362	12,500	13,862	2,761	1,150	1,611	2,753	1,146	1,607	8	4	4
2016	마포구	공덕동	39,705	19,069	20,636	5,437	2,231	3,206	5,412	2,216	3,196	25	15	10
2016	마포구	아현동	26,250	12,580	13,670	2,869	1,188	1,681	2,848	1,175	1,673	21	13	8
2016	양천구	소계	481,845	238,163	243,682	52,063	23,071	28,992	51,957	23,011	28,946	106	60	46
2016	양천구	목1동	32,960	15,882	17,078	2,457	1,119	1,338	2,453	1,116	1,337	4	3	1
2016	양천구	목2동	31,956	15,668	16,288	3,134	1,363	1,771	3,125	1,357	1,768	9	6	3
2016	양천구	목3동	22,005	10,734	11,271	2,532	1,112	1,420	2,519	1,107	1,412	13	5	8
2016	양천구	목4동	27,940	13,859	14,081	2,631	1,104	1,527	2,628	1,102	1,526	3	2	1
2016	양천구	신월1동	23,328	11,970	11,358	3,177	1,462	1,715	3,172	1,461	1,711	5	1	4
2016	양천구	신월2동	23,542	11,699	11,843	3,011	1,356	1,655	3,006	1,354	1,652	5	2	3
2016	양천구	신월3동	18,276	9,567	8,709	2,451	1,074	1,377	2,446	1,073	1,373	5	1	4
2016	양천구	신월4동	20,009	9,833	10,176	2,444	1,099	1,345	2,442	1,098	1,344	2	1	1
2016	양천구	신월5동	16,391	8,123	8,268	1,879	847	1,032	1,875	845	1,030	4	2	2
2016	양천구	신월6동	7,947	4,009	3,938	1,048	494	554	1,048	494	554	-	-	-
2016	양천구	신월7동	23,493	11,590	11,903	3,363	1,422	1,941	3,355	1,417	1,938	8	5	3
2016	양천구	신정1동	21,854	10,708	11,146	2,116	935	1,181	2,109	930	1,179	7	5	2
2016	양천구	신정2동	21,492	10,634	10,858	2,118	903	1,215	2,113	900	1,213	5	3	2
2016	양천구	신정3동	52,998	26,210	26,788	5,891	2,599	3,292	5,875	2,589	3,286	16	10	6
2016	양천구	신정6동	25,918	12,625	13,293	1,972	881	1,091	1,971	880	1,091	1	1	-
2016	양천구	신정7동	31,435	15,394	16,041	3,933	1,616	2,317	3,928	1,613	2,315	5	3	2
2016	양천구	목5동	43,987	21,833	22,154	3,265	1,494	1,771	3,264	1,493	1,771	1	1	-
2016	양천구	신정4동	36,314	17,825	18,489	4,641	2,191	2,450	4,628	2,182	2,446	13	9	4
2016	강서구	소계	602,104	293,734	308,370	71,062	31,242	39,820	70,889	31,137	39,752	173	105	68
2016	강서구	염창동	41,116	20,243	20,873	3,294	1,452	1,842	3,288	1,450	1,838	6	2	4
2016	강서구	등촌1동	23,067	10,925	12,142	2,364	1,009	1,355	2,361	1,007	1,354	3	2	1
2016	강서구	등촌2동	22,072	11,002	11,070	2,401	1,132	1,269	2,398	1,130	1,268	3	2	1
2016	강서구	등촌3동	34,962	16,778	18,184	5,163	2,062	3,101	5,156	2,060	3,096	7	2	5
2016	강서구	화곡본동	36,628	17,911	18,717	3,854	1,683	2,171	3,846	1,682	2,164	8	1	7
2016	강서구	화곡2동	20,465	10,005	10,460	2,321	1,063	1,258	2,312	1,059	1,253	9	4	5
2016	강서구	화곡3동	23,190	11,245	11,945	3,136	1,451	1,685	3,133	1,450	1,683	3	1	2
2016	강서구	화곡4동	23,317	11,488	11,829	2,965	1,337	1,628	2,958	1,335	1,623	7	2	5
2016	강서구	화곡6동	25,797	12,688	13,109	2,858	1,314	1,544	2,856	1,312	1,544	2	2	-
2016	강서구	화곡8동	27,232	13,234	13,998	3,528	1,627	1,901	3,512	1,618	1,894	16	9	7
2016	강서구	가양1동	27,547	13,436	14,111	2,261	1,018	1,243	2,258	1,018	1,240	3	-	3
2016	강서구	가양2동	16,432	7,856	8,576	3,058	1,196	1,862	3,058	1,196	1,862	-	-	-
2016	강서구	가양3동	17,289	8,248	9,041	2,837	1,083	1,754	2,830	1,079	1,751	7	4	3
2016	강서구	발산1동	39,921	19,053	20,868	3,749	1,592	2,157	3,745	1,590	2,155	4	2	2
2016	강서구	공항동	24,660	12,679	11,981	3,054	1,394	1,660	2,997	1,343	1,654	57	51	6
2016	강서구	방화1동	46,284	22,736	23,548	5,148	2,365	2,783	5,141	2,360	2,781	7	5	2
2016	강서구	방화2동	25,035	12,369	12,666	3,944	1,682	2,262	3,937	1,678	2,259	7	4	3
2016	강서구	방화3동	25,779	12,427	13,352	4,002	1,636	2,366	3,999	1,635	2,364	3	1	2
2016	강서구	화곡1동	54,425	26,881	27,544	6,619	3,082	3,537	6,604	3,074	3,530	15	8	7
2016	강서구	우장산동	46,886	22,530	24,356	4,506	2,064	2,442	4,500	2,061	2,439	6	3	3
2016	구로구	소계	449,600	225,411	224,189	55,705	25,652	30,053	55,159	25,369	29,790	546	283	263
2016	구로구	신도림동	38,202	18,686	19,516	3,666	1,747	1,919	3,651	1,741	1,910	15	6	9
2016	구로구	구로1동	22,645	11,235	11,410	1,853	842	1,011	1,845	839	1,006	8	3	5
2016	구로구	구로3동	28,081	14,202	13,879	2,868	1,298	1,570	2,839	1,286	1,553	29	12	17
2016	구로구	구로4동	28,651	14,492	14,159	3,855	1,723	2,132	3,785	1,692	2,093	70	31	39
2016	구로구	구로5동	35,068	17,379	17,689	3,838	1,751	2,087	3,774	1,717	2,057	64	34	30
2016	구로구	고척1동	25,371	12,718	12,653	3,409	1,550	1,859	3,396	1,545	1,851	13	5	8
2016	구로구	고척2동	30,410	15,201	15,209	3,945	1,790	2,155	3,936	1,786	2,150	9	4	5
2016	구로구	개봉2동	34,663	17,042	17,621	4,903	2,350	2,553	4,893	2,344	2,549	10	6	4
2016	구로구	개봉3동	22,262	10,987	11,275	2,973	1,381	1,592	2,965	1,376	1,589	8	5	3
2016	구로구	오류1동	21,943	10,814	11,129	3,044	1,400	1,644	3,036	1,395	1,641	8	5	3
2016	구로구	오류2동	45,854	22,455	23,399	5,853	2,664	3,189	5,830	2,653	3,177	23	11	12
2016	구로구	수궁동	25,920	12,947	12,973	3,369	1,568	1,801	3,359	1,561	1,798	10	7	3
2016	구로구	가리봉동	17,575	9,965	7,610	1,988	915	1,073	1,892	858	1,034	96	57	39
2016	구로구	구로2동	37,072	19,304	17,768	5,056	2,266	2,790	4,895	2,178	2,717	161	88	73
2016	구로구	개봉1동	35,883	17,984	17,899	5,085	2,407	2,678	5,063	2,398	2,665	22	9	13
2016	금천구	소계	254,654	130,429	124,225	32,279	14,699	17,580	31,976	14,540	17,436	303	159	144
2016	금천구	가산동	23,488	13,174	10,314	2,169	1,093	1,076	2,102	1,052	1,050	67	41	26
2016	금천구	독산1동	36,800	19,395	17,405	4,259	1,922	2,337	4,219	1,901	2,318	40	21	19
2016	금천구	독산2동	23,077	11,725	11,352	2,800	1,254	1,546	2,773	1,244	1,529	27	10	17
2016	금천구	독산3동	31,245	16,021	15,224	3,721	1,745	1,976	3,637	1,702	1,935	84	43	41
2016	금천구	독산4동	19,158	9,722	9,436	2,297	1,070	1,227	2,267	1,054	1,213	30	16	14
2016	금천구	시흥1동	38,320	19,312	19,008	4,975	2,243	2,732	4,946	2,230	2,716	29	13	16
2016	금천구	시흥2동	24,154	11,846	12,308	3,320	1,465	1,855	3,316	1,462	1,854	4	3	1
2016	금천구	시흥3동	12,255	6,150	6,105	1,920	896	1,024	1,913	893	1,020	7	3	4
2016	금천구	시흥4동	23,271	11,645	11,626	3,159	1,449	1,710	3,149	1,441	1,708	10	8	2
2016	금천구	시흥5동	22,886	11,439	11,447	3,659	1,562	2,097	3,654	1,561	2,093	5	1	4
2016	영등포구	소계	406,779	204,712	202,067	51,844	23,411	28,433	51,186	23,073	28,113	658	338	320
2016	영등포구	여의동	34,013	16,130	17,883	5,278	2,350	2,928	5,260	2,338	2,922	18	12	6
2016	영등포구	당산1동	21,260	10,547	10,713	2,813	1,269	1,544	2,807	1,266	1,541	6	3	3
2016	영등포구	당산2동	36,518	17,320	19,198	3,861	1,766	2,095	3,848	1,757	2,091	13	9	4
2016	영등포구	양평1동	17,333	8,638	8,695	2,217	962	1,255	2,204	959	1,245	13	3	10
2016	영등포구	양평2동	22,602	11,311	11,291	2,151	949	1,202	2,144	945	1,199	7	4	3
2016	영등포구	신길1동	21,836	11,151	10,685	3,211	1,384	1,827	3,145	1,349	1,796	66	35	31
2016	영등포구	신길3동	18,110	9,150	8,960	2,501	1,111	1,390	2,473	1,093	1,380	28	18	10
2016	영등포구	신길4동	11,556	5,866	5,690	1,766	744	1,022	1,741	732	1,009	25	12	13
2016	영등포구	신길5동	15,326	7,766	7,560	2,155	979	1,176	2,113	959	1,154	42	20	22
2016	영등포구	신길6동	21,453	10,718	10,735	2,889	1,283	1,606	2,854	1,265	1,589	35	18	17
2016	영등포구	신길7동	13,031	6,539	6,492	1,327	565	762	1,325	564	761	2	1	1
2016	영등포구	대림1동	17,890	9,195	8,695	2,556	1,144	1,412	2,497	1,114	1,383	59	30	29
2016	영등포구	대림2동	23,028	11,915	11,113	2,655	1,195	1,460	2,531	1,134	1,397	124	61	63
2016	영등포구	대림3동	30,621	15,665	14,956	3,550	1,619	1,931	3,477	1,580	1,897	73	39	34
2016	영등포구	영등포본동	26,350	13,426	12,924	3,361	1,530	1,831	3,315	1,504	1,811	46	26	20
2016	영등포구	영등포동	20,933	11,821	9,112	2,792	1,431	1,361	2,778	1,425	1,353	14	6	8
2016	영등포구	도림동	23,089	11,723	11,366	2,873	1,290	1,583	2,802	1,255	1,547	71	35	36
2016	영등포구	문래동	31,830	15,831	15,999	3,888	1,840	2,048	3,872	1,834	2,038	16	6	10
2016	동작구	소계	413,247	201,842	211,405	55,231	24,201	31,030	55,052	24,107	30,945	179	94	85
2016	동작구	노량진2동	14,949	7,656	7,293	2,424	1,090	1,334	2,405	1,079	1,326	19	11	8
2016	동작구	상도1동	48,245	23,600	24,645	5,833	2,543	3,290	5,821	2,538	3,283	12	5	7
2016	동작구	상도2동	27,817	13,434	14,383	3,570	1,559	2,011	3,556	1,555	2,001	14	4	10
2016	동작구	상도3동	26,041	12,685	13,356	3,723	1,613	2,110	3,714	1,607	2,107	9	6	3
2016	동작구	상도4동	30,501	15,061	15,440	4,151	1,768	2,383	4,138	1,762	2,376	13	6	7
2016	동작구	사당1동	23,961	11,507	12,454	3,056	1,438	1,618	3,048	1,435	1,613	8	3	5
2016	동작구	사당3동	24,625	12,029	12,596	3,612	1,669	1,943	3,605	1,665	1,940	7	4	3
2016	동작구	사당4동	15,043	7,330	7,713	2,166	947	1,219	2,163	945	1,218	3	2	1
2016	동작구	사당5동	13,389	6,546	6,843	1,733	772	961	1,732	772	960	1	-	1
2016	동작구	대방동	40,656	19,520	21,136	4,705	1,957	2,748	4,693	1,950	2,743	12	7	5
2016	동작구	신대방1동	27,939	13,724	14,215	3,114	1,408	1,706	3,069	1,380	1,689	45	28	17
2016	동작구	신대방2동	21,461	10,469	10,992	2,654	1,205	1,449	2,652	1,205	1,447	2	-	2
2016	동작구	흑석동	35,115	16,930	18,185	5,229	2,149	3,080	5,213	2,141	3,072	16	8	8
2016	동작구	노량진1동	33,400	16,693	16,707	4,842	2,074	2,768	4,830	2,068	2,762	12	6	6
2016	동작구	사당2동	30,105	14,658	15,447	4,419	2,009	2,410	4,413	2,005	2,408	6	4	2
2016	관악구	소계	525,607	265,034	260,573	66,952	30,150	36,802	66,659	30,013	36,646	293	137	156
2016	관악구	보라매동	26,649	13,166	13,483	3,697	1,657	2,040	3,674	1,646	2,028	23	11	12
2016	관악구	청림동	16,974	8,341	8,633	2,394	1,022	1,372	2,392	1,020	1,372	2	2	-
2016	관악구	행운동	30,578	14,974	15,604	3,729	1,688	2,041	3,721	1,684	2,037	8	4	4
2016	관악구	낙성대동	18,213	9,224	8,989	1,820	820	1,000	1,809	815	994	11	5	6
2016	관악구	중앙동	15,368	7,464	7,904	2,112	921	1,191	2,103	918	1,185	9	3	6
2016	관악구	인헌동	28,004	13,855	14,149	3,409	1,508	1,901	3,400	1,506	1,894	9	2	7
2016	관악구	남현동	18,981	9,164	9,817	2,218	1,040	1,178	2,215	1,038	1,177	3	2	1
2016	관악구	서원동	23,973	12,266	11,707	2,823	1,321	1,502	2,815	1,319	1,496	8	2	6
2016	관악구	신원동	20,272	10,115	10,157	2,804	1,234	1,570	2,784	1,221	1,563	20	13	7
2016	관악구	서림동	25,475	13,952	11,523	2,902	1,344	1,558	2,900	1,343	1,557	2	1	1
2016	관악구	신사동	26,627	13,483	13,144	2,980	1,345	1,635	2,927	1,319	1,608	53	26	27
2016	관악구	신림동	21,341	10,779	10,562	1,781	828	953	1,745	815	930	36	13	23
2016	관악구	난향동	17,013	8,451	8,562	2,301	1,027	1,274	2,298	1,027	1,271	3	-	3
2016	관악구	조원동	20,413	10,504	9,909	2,382	1,134	1,248	2,361	1,120	1,241	21	14	7
2016	관악구	대학동	24,408	14,445	9,963	2,384	1,094	1,290	2,378	1,089	1,289	6	5	1
2016	관악구	은천동	36,111	17,817	18,294	4,783	2,135	2,648	4,754	2,120	2,634	29	15	14
2016	관악구	성현동	34,015	16,644	17,371	4,848	2,079	2,769	4,845	2,077	2,768	3	2	1
2016	관악구	청룡동	29,582	14,444	15,138	3,507	1,612	1,895	3,484	1,603	1,881	23	9	14
2016	관악구	난곡동	30,539	15,447	15,092	4,543	2,022	2,521	4,533	2,021	2,512	10	1	9
2016	관악구	삼성동	27,467	13,803	13,664	4,979	2,178	2,801	4,974	2,176	2,798	5	2	3
2016	관악구	미성동	33,604	16,696	16,908	4,556	2,141	2,415	4,547	2,136	2,411	9	5	4
2016	서초구	소계	451,477	216,886	234,591	50,984	23,196	27,788	50,906	23,158	27,748	78	38	40
2016	서초구	서초1동	21,388	10,379	11,009	2,399	1,104	1,295	2,393	1,102	1,291	6	2	4
2016	서초구	서초2동	21,239	10,264	10,975	2,275	1,081	1,194	2,270	1,080	1,190	5	1	4
2016	서초구	서초3동	30,123	14,815	15,308	3,883	1,838	2,045	3,876	1,835	2,041	7	3	4
2016	서초구	서초4동	29,019	14,136	14,883	3,125	1,507	1,618	3,122	1,505	1,617	3	2	1
2016	서초구	잠원동	35,035	16,682	18,353	3,258	1,412	1,846	3,252	1,408	1,844	6	4	2
2016	서초구	반포본동	12,961	6,141	6,820	1,695	765	930	1,694	765	929	1	-	1
2016	서초구	반포1동	30,431	14,567	15,864	2,640	1,177	1,463	2,637	1,175	1,462	3	2	1
2016	서초구	반포2동	23,491	11,197	12,294	2,546	1,123	1,423	2,546	1,123	1,423	-	-	-
2016	서초구	반포3동	19,259	9,157	10,102	2,002	854	1,148	1,999	852	1,147	3	2	1
2016	서초구	반포4동	20,561	9,772	10,789	2,186	1,012	1,174	2,180	1,009	1,171	6	3	3
2016	서초구	방배본동	21,956	10,254	11,702	2,576	1,141	1,435	2,572	1,139	1,433	4	2	2
2016	서초구	방배1동	17,202	8,186	9,016	2,195	1,021	1,174	2,190	1,018	1,172	5	3	2
2016	서초구	방배2동	27,735	13,290	14,445	3,763	1,738	2,025	3,759	1,736	2,023	4	2	2
2016	서초구	방배3동	24,055	11,647	12,408	3,210	1,505	1,705	3,207	1,505	1,702	3	-	3
2016	서초구	방배4동	26,497	12,224	14,273	3,048	1,390	1,658	3,042	1,386	1,656	6	4	2
2016	서초구	양재1동	47,744	22,928	24,816	5,325	2,320	3,005	5,316	2,315	3,001	9	5	4
2016	서초구	양재2동	23,796	11,916	11,880	2,278	1,021	1,257	2,271	1,018	1,253	7	3	4
2016	서초구	내곡동	18,985	9,331	9,654	2,580	1,187	1,393	2,580	1,187	1,393	-	-	-
2016	강남구	소계	572,140	274,217	297,923	61,931	27,906	34,025	61,822	27,849	33,973	109	57	52
2016	강남구	신사동	18,349	8,531	9,818	2,601	1,177	1,424	2,597	1,173	1,424	4	4	-
2016	강남구	논현1동	24,867	11,519	13,348	2,578	1,153	1,425	2,573	1,151	1,422	5	2	3
2016	강남구	논현2동	22,639	10,602	12,037	2,660	1,255	1,405	2,655	1,251	1,404	5	4	1
2016	강남구	삼성1동	15,357	7,737	7,620	1,815	871	944	1,805	867	938	10	4	6
2016	강남구	삼성2동	30,999	14,790	16,209	2,842	1,266	1,576	2,839	1,264	1,575	3	2	1
2016	강남구	대치1동	24,834	12,427	12,407	1,866	905	961	1,861	902	959	5	3	2
2016	강남구	대치4동	21,292	10,072	11,220	1,721	760	961	1,720	760	960	1	-	1
2016	강남구	역삼1동	36,305	17,463	18,842	3,136	1,472	1,664	3,120	1,464	1,656	16	8	8
2016	강남구	역삼2동	37,047	17,475	19,572	3,165	1,428	1,737	3,159	1,425	1,734	6	3	3
2016	강남구	도곡1동	23,057	10,953	12,104	2,305	1,073	1,232	2,302	1,073	1,229	3	-	3
2016	강남구	도곡2동	34,934	16,271	18,663	3,695	1,856	1,839	3,686	1,850	1,836	9	6	3
2016	강남구	개포1동	21,162	10,187	10,975	2,741	1,259	1,482	2,740	1,259	1,481	1	-	1
2016	강남구	개포4동	18,550	9,146	9,404	1,797	823	974	1,793	822	971	4	1	3
2016	강남구	일원본동	25,104	12,340	12,764	2,047	908	1,139	2,047	908	1,139	-	-	-
2016	강남구	일원1동	17,275	8,434	8,841	2,524	1,082	1,442	2,516	1,077	1,439	8	5	3
2016	강남구	일원2동	16,520	7,969	8,551	2,282	844	1,438	2,281	843	1,438	1	1	-
2016	강남구	수서동	16,708	7,653	9,055	3,355	1,248	2,107	3,353	1,247	2,106	2	1	1
2016	강남구	세곡동	44,344	21,252	23,092	5,068	2,232	2,836	5,064	2,230	2,834	4	2	2
2016	강남구	압구정동	28,360	13,129	15,231	4,290	1,951	2,339	4,284	1,948	2,336	6	3	3
2016	강남구	청담동	30,623	14,483	16,140	3,542	1,643	1,899	3,538	1,641	1,897	4	2	2
2016	강남구	대치2동	42,068	21,301	20,767	3,800	1,803	1,997	3,789	1,797	1,992	11	6	5
2016	강남구	개포2동	21,746	10,483	11,263	2,101	897	1,204	2,100	897	1,203	1	-	1
2016	송파구	소계	664,946	324,087	340,859	71,064	32,601	38,463	70,918	32,529	38,389	146	72	74
2016	송파구	풍납1동	18,034	8,864	9,170	2,513	1,130	1,383	2,495	1,121	1,374	18	9	9
2016	송파구	풍납2동	25,842	12,392	13,450	2,840	1,291	1,549	2,837	1,290	1,547	3	1	2
2016	송파구	거여1동	14,774	7,531	7,243	1,807	857	950	1,807	857	950	-	-	-
2016	송파구	거여2동	19,609	9,733	9,876	2,814	1,231	1,583	2,814	1,231	1,583	-	-	-
2016	송파구	마천1동	22,912	11,637	11,275	3,550	1,583	1,967	3,545	1,582	1,963	5	1	4
2016	송파구	마천2동	21,128	10,743	10,385	3,144	1,387	1,757	3,140	1,386	1,754	4	1	3
2016	송파구	방이1동	16,358	8,022	8,336	1,627	786	841	1,621	783	838	6	3	3
2016	송파구	방이2동	25,446	12,391	13,055	2,604	1,193	1,411	2,596	1,191	1,405	8	2	6
2016	송파구	오륜동	19,714	9,618	10,096	1,885	940	945	1,884	939	945	1	1	-
2016	송파구	오금동	37,069	18,307	18,762	4,240	1,932	2,308	4,231	1,927	2,304	9	5	4
2016	송파구	송파1동	26,717	12,754	13,963	2,704	1,294	1,410	2,693	1,288	1,405	11	6	5
2016	송파구	송파2동	21,974	10,672	11,302	2,236	1,062	1,174	2,232	1,061	1,171	4	1	3
2016	송파구	석촌동	35,420	17,178	18,242	3,617	1,630	1,987	3,602	1,620	1,982	15	10	5
2016	송파구	삼전동	33,851	16,240	17,611	3,167	1,385	1,782	3,162	1,383	1,779	5	2	3
2016	송파구	가락본동	28,395	14,212	14,183	2,787	1,298	1,489	2,777	1,292	1,485	10	6	4
2016	송파구	가락1동	918	466	452	110	43	67	107	41	66	3	2	1
2016	송파구	가락2동	35,064	17,216	17,848	3,143	1,469	1,674	3,141	1,468	1,673	2	1	1
2016	송파구	문정1동	21,660	10,685	10,975	2,191	1,044	1,147	2,184	1,041	1,143	7	3	4
2016	송파구	문정2동	24,043	11,523	12,520	2,829	1,388	1,441	2,827	1,387	1,440	2	1	1
2016	송파구	장지동	35,834	17,457	18,377	3,633	1,504	2,129	3,626	1,500	2,126	7	4	3
2016	송파구	위례동	17,338	8,577	8,761	998	414	584	998	414	584	-	-	-
2016	송파구	잠실본동	30,187	14,408	15,779	2,963	1,351	1,612	2,949	1,343	1,606	14	8	6
2016	송파구	잠실4동	30,534	14,781	15,753	3,024	1,411	1,613	3,023	1,410	1,613	1	1	-
2016	송파구	잠실6동	17,689	8,417	9,272	2,076	981	1,095	2,075	980	1,095	1	1	-
2016	송파구	잠실7동	10,516	4,911	5,605	1,665	801	864	1,663	800	863	2	1	1
2016	송파구	잠실2동	36,853	17,548	19,305	2,668	1,182	1,486	2,666	1,181	1,485	2	1	1
2016	송파구	잠실3동	37,067	17,804	19,263	4,229	2,014	2,215	4,223	2,013	2,210	6	1	5
2016	강동구	소계	448,471	223,081	225,390	53,195	24,111	29,084	53,121	24,071	29,050	74	40	34
2016	강동구	강일동	34,356	16,758	17,598	3,964	1,734	2,230	3,958	1,731	2,227	6	3	3
2016	강동구	상일동	12,755	6,380	6,375	1,422	643	779	1,421	642	779	1	1	-
2016	강동구	명일1동	23,036	11,258	11,778	2,561	1,118	1,443	2,556	1,117	1,439	5	1	4
2016	강동구	명일2동	18,503	9,270	9,233	1,772	843	929	1,771	842	929	1	1	-
2016	강동구	고덕1동	16,318	8,298	8,020	1,614	700	914	1,611	700	911	3	-	3
2016	강동구	고덕2동	8,674	4,617	4,057	1,359	615	744	1,358	615	743	1	-	1
2016	강동구	암사2동	15,502	7,620	7,882	1,732	814	918	1,730	812	918	2	2	-
2016	강동구	암사3동	19,293	9,480	9,813	1,842	878	964	1,840	876	964	2	2	-
2016	강동구	천호1동	29,555	14,689	14,866	4,036	1,834	2,202	4,030	1,831	2,199	6	3	3
2016	강동구	천호3동	25,857	13,042	12,815	3,706	1,713	1,993	3,699	1,709	1,990	7	4	3
2016	강동구	성내1동	20,992	10,203	10,789	2,328	1,079	1,249	2,327	1,078	1,249	1	1	-
2016	강동구	성내2동	25,979	12,908	13,071	3,402	1,551	1,851	3,391	1,544	1,847	11	7	4
2016	강동구	성내3동	24,628	12,256	12,372	2,832	1,275	1,557	2,829	1,274	1,555	3	1	2
2016	강동구	둔촌1동	18,715	9,589	9,126	1,649	782	867	1,647	781	866	2	1	1
2016	강동구	둔촌2동	28,760	14,266	14,494	3,263	1,485	1,778	3,260	1,484	1,776	3	1	2
2016	강동구	암사1동	37,988	18,959	19,029	4,784	2,084	2,700	4,777	2,079	2,698	7	5	2
2016	강동구	천호2동	36,126	18,194	17,932	4,932	2,210	2,722	4,923	2,205	2,718	9	5	4
2016	강동구	길동	51,434	25,294	26,140	5,997	2,753	3,244	5,993	2,751	3,242	4	2	2