기간	자치구	동	합계	합계	합계	개인사업체	개인사업체	회사법인	회사법인	회사이외의 법인	회사이외의 법인	비법인단체	비법인단체
기간	자치구	동	사업체수	총종사자수	여성종사자수	소계	여성종사자수	소계	여성종사자수	소계	여성종사자수	소계	여성종사자수
2016	합계	합계	820,156	5,079,451	2,232,049	1,573,964	822,541	2,707,718	1,004,878	682,454	345,401	115,315	59,229
2016	종로구	소계	40,664	268,309	113,975	77,452	37,321	138,426	51,383	48,299	23,193	4,132	2,078
2016	종로구	사직동	3,489	53,850	22,208	8,515	4,820	33,704	12,348	11,054	4,786	577	254
2016	종로구	삼청동	751	4,823	2,475	1,433	917	1,372	795	1,918	711	100	52
2016	종로구	부암동	575	3,690	1,794	1,079	588	727	361	1,755	772	129	73
2016	종로구	평창동	708	2,990	1,585	1,239	687	858	400	567	302	326	196
2016	종로구	무악동	573	1,472	716	1,116	545	123	42	110	78	123	51
2016	종로구	교남동	302	3,612	2,108	551	293	409	104	2,533	1,632	119	79
2016	종로구	가회동	770	14,215	3,421	1,346	832	11,394	1,821	1,367	708	108	60
2016	종로구	종로1.2.3.4가동	15,970	110,743	44,602	28,616	13,422	70,062	26,391	11,003	4,327	1,062	462
2016	종로구	종로5·6가동	7,691	23,392	8,933	14,137	5,687	7,655	2,541	1,212	534	388	171
2016	종로구	이화동	1,248	16,032	9,349	2,704	1,388	3,837	1,707	9,270	6,140	221	114
2016	종로구	창신1동	2,273	6,340	3,225	4,050	1,731	1,792	1,203	330	188	168	103
2016	종로구	창신2동	872	2,429	1,358	2,013	1,079	102	53	190	128	124	98
2016	종로구	창신3동	283	874	414	492	240	96	23	219	135	67	16
2016	종로구	숭인1동	533	1,587	871	1,250	707	220	103	73	39	44	22
2016	종로구	숭인2동	1,881	6,819	3,623	3,314	1,429	2,898	1,929	535	242	72	23
2016	종로구	청운효자동	1,009	6,415	2,892	1,567	884	1,056	470	3,505	1,339	287	199
2016	종로구	혜화동	1,736	9,026	4,401	4,030	2,072	2,121	1,092	2,658	1,132	217	105
2016	중구	소계	63,640	402,892	181,135	118,422	61,180	230,410	96,479	50,866	21,926	3,194	1,550
2016	중구	소공동	3,929	65,041	27,289	7,146	4,192	51,368	20,341	6,154	2,620	373	136
2016	중구	회현동	9,697	52,540	24,400	14,767	9,085	35,170	14,326	2,146	810	457	179
2016	중구	명동	6,778	115,866	51,709	12,553	7,443	77,822	34,116	24,630	9,646	861	504
2016	중구	필동	3,159	24,075	10,185	6,328	2,450	10,380	4,073	7,261	3,621	106	41
2016	중구	장충동	911	9,874	4,006	1,418	724	7,166	2,684	1,185	539	105	59
2016	중구	광희동	9,380	38,813	17,610	18,658	8,772	16,895	7,036	3,176	1,772	84	30
2016	중구	을지로동	9,442	29,762	10,833	18,150	6,065	9,602	3,963	1,897	772	113	33
2016	중구	신당5동	1,283	3,942	2,075	2,782	1,489	688	327	347	176	125	83
2016	중구	황학동	1,963	6,435	2,844	3,438	1,531	2,739	1,213	182	80	76	20
2016	중구	중림동	1,005	7,677	3,576	1,695	846	5,037	2,214	809	459	136	57
2016	중구	신당동	12,117	27,836	16,073	22,917	14,108	3,262	1,377	1,394	491	263	97
2016	중구	다산동	1,387	9,577	5,077	2,782	1,398	6,077	3,271	538	305	180	103
2016	중구	약수동	854	3,563	1,943	1,908	1,148	1,099	500	412	203	144	92
2016	중구	청구동	765	3,856	1,491	1,445	739	1,911	434	429	267	71	51
2016	중구	동화동	970	4,035	2,024	2,435	1,190	1,194	604	306	165	100	65
2016	용산구	소계	20,994	129,033	56,774	37,153	18,771	67,125	26,665	21,171	9,879	3,584	1,459
2016	용산구	후암동	840	5,493	3,225	2,311	1,373	2,436	1,392	661	423	85	37
2016	용산구	용산2가동	574	2,075	1,034	1,059	521	487	223	489	277	40	13
2016	용산구	남영동	1,673	18,172	8,600	2,967	1,673	13,174	6,073	1,672	707	359	147
2016	용산구	원효로2동	1,190	7,045	2,527	1,580	689	4,827	1,501	497	294	141	43
2016	용산구	효창동	469	2,300	988	760	389	985	288	363	196	192	115
2016	용산구	용문동	682	1,568	741	1,128	577	337	100	47	26	56	38
2016	용산구	이촌1동	823	3,825	2,184	1,886	1,214	742	365	764	484	433	121
2016	용산구	이촌2동	340	821	276	500	172	142	27	79	35	100	42
2016	용산구	이태원1동	1,714	8,286	3,882	3,421	1,747	2,872	1,303	1,910	810	83	22
2016	용산구	이태원2동	733	3,216	1,341	1,426	648	1,587	573	152	86	51	34
2016	용산구	서빙고동	415	5,077	1,782	598	278	2,384	567	1,561	806	534	131
2016	용산구	보광동	836	2,786	988	1,439	727	949	108	334	130	64	23
2016	용산구	청파동	1,915	9,433	5,094	3,863	2,043	2,039	670	3,268	2,271	263	110
2016	용산구	원효로1동	1,843	10,407	4,126	2,976	1,337	6,350	2,375	770	238	311	176
2016	용산구	한강로동	4,892	31,880	12,864	7,232	3,280	18,294	7,266	5,792	2,058	562	260
2016	용산구	한남동	2,055	16,649	7,122	4,007	2,103	9,520	3,834	2,812	1,038	310	147
2016	성동구	소계	26,581	165,047	68,123	50,935	23,397	87,069	32,464	23,314	10,361	3,729	1,901
2016	성동구	왕십리2동	780	2,440	1,386	1,578	872	554	330	136	102	172	82
2016	성동구	마장동	3,238	11,683	4,006	5,217	2,014	4,082	948	2,095	923	289	121
2016	성동구	사근동	1,088	11,474	5,792	2,553	1,297	929	432	7,924	4,042	68	21
2016	성동구	행당1동	1,451	8,783	4,403	3,215	1,799	2,556	1,296	2,843	1,207	169	101
2016	성동구	행당2동	582	1,927	1,140	1,042	601	287	145	354	245	244	149
2016	성동구	응봉동	375	1,037	537	569	278	47	14	225	146	196	99
2016	성동구	금호1가동	535	1,685	919	1,061	559	294	148	178	121	152	91
2016	성동구	금호4가동	617	1,786	956	1,216	650	235	105	186	123	149	78
2016	성동구	성수1가1동	1,546	7,815	3,101	2,848	1,101	3,551	1,407	1,200	473	216	120
2016	성동구	성수1가2동	2,198	17,103	6,376	3,858	1,617	12,168	4,211	828	443	249	105
2016	성동구	성수2가1동	2,626	18,337	6,722	4,756	1,943	12,225	4,447	1,157	240	199	92
2016	성동구	성수2가3동	5,056	45,871	16,505	10,245	3,877	34,355	12,092	967	406	304	130
2016	성동구	송정동	695	2,453	1,065	1,335	548	541	217	548	286	29	14
2016	성동구	용답동	2,055	15,156	5,695	3,516	1,673	8,325	3,343	3,101	549	214	130
2016	성동구	왕십리도선동	1,906	11,693	6,295	4,316	2,393	6,044	3,008	862	605	471	289
2016	성동구	금호2.3가동	1,008	2,758	1,535	1,962	1,194	290	88	278	151	228	102
2016	성동구	옥수동	825	3,046	1,690	1,648	981	586	233	432	299	380	177
2016	광진구	소계	24,895	126,937	55,537	50,857	26,420	51,273	16,912	21,448	10,462	3,359	1,743
2016	광진구	화양동	2,474	15,035	7,227	6,615	3,359	2,842	1,113	5,393	2,651	185	104
2016	광진구	군자동	1,609	10,040	4,666	3,184	1,590	4,021	1,925	2,626	1,018	209	133
2016	광진구	중곡1동	1,639	6,476	2,549	3,264	1,559	2,878	803	187	84	147	103
2016	광진구	중곡2동	1,660	6,711	3,308	3,498	1,938	2,609	949	436	313	168	108
2016	광진구	중곡3동	1,347	5,601	2,483	2,875	1,434	1,802	430	665	431	259	188
2016	광진구	중곡4동	1,545	4,810	2,149	3,088	1,524	939	256	663	311	120	58
2016	광진구	능동	758	5,945	2,879	1,643	902	2,028	941	2,210	990	64	46
2016	광진구	구의1동	1,900	6,556	2,888	3,553	1,844	2,180	674	582	210	241	160
2016	광진구	구의2동	1,251	5,199	2,345	2,354	1,250	1,847	574	873	453	125	68
2016	광진구	구의3동	2,636	19,517	6,124	5,051	2,718	13,251	2,890	852	378	363	138
2016	광진구	광장동	1,402	12,078	5,580	2,651	1,356	7,415	3,109	1,383	861	629	254
2016	광진구	자양1동	1,736	8,527	3,604	3,633	2,017	3,168	776	1,504	686	222	125
2016	광진구	자양2동	1,524	7,659	3,283	2,664	1,287	2,067	663	2,699	1,228	229	105
2016	광진구	자양3동	1,356	6,395	3,484	2,698	1,498	2,630	1,415	816	479	251	92
2016	광진구	자양4동	2,058	6,388	2,968	4,086	2,144	1,596	394	559	369	147	61
2016	동대문구	소계	32,762	144,172	66,719	65,119	31,792	46,235	19,130	28,411	13,433	4,407	2,364
2016	동대문구	회기동	988	9,709	5,197	2,262	1,277	758	506	6,607	3,371	82	43
2016	동대문구	휘경1동	1,027	4,606	2,333	2,476	1,324	1,817	837	187	109	126	63
2016	동대문구	휘경2동	1,197	4,977	2,462	1,847	750	678	246	2,190	1,307	262	159
2016	동대문구	청량리동	1,683	8,132	3,524	3,359	1,843	1,520	603	2,883	857	370	221
2016	동대문구	용신동	5,820	32,819	14,630	11,534	5,217	15,776	6,535	5,031	2,627	478	251
2016	동대문구	제기동	4,739	11,977	5,391	8,058	3,645	2,338	867	1,041	619	540	260
2016	동대문구	전농1동	2,178	8,303	4,033	4,032	2,127	2,256	1,035	1,782	728	233	143
2016	동대문구	전농2동	875	4,824	2,393	1,621	929	609	239	2,291	1,088	303	137
2016	동대문구	답십리1동	2,242	10,402	4,713	4,366	2,077	4,866	2,041	628	272	542	323
2016	동대문구	답십리2동	2,055	6,059	2,391	4,009	1,617	1,365	379	158	92	527	303
2016	동대문구	장안1동	4,539	21,790	9,612	9,669	4,616	10,445	4,335	1,262	480	414	181
2016	동대문구	장안2동	3,204	11,468	5,971	7,697	4,184	2,803	1,185	681	427	287	175
2016	동대문구	이문1동	1,486	6,849	3,147	2,882	1,483	657	266	3,132	1,312	178	86
2016	동대문구	이문2동	729	2,257	922	1,307	703	347	56	538	144	65	19
2016	중랑구	소계	27,915	101,190	48,428	58,286	30,581	25,328	8,472	14,710	7,959	2,866	1,416
2016	중랑구	면목2동	2,053	6,620	3,058	4,860	2,535	1,289	306	363	177	108	40
2016	중랑구	면목4동	1,102	3,702	1,730	2,298	1,249	838	152	443	272	123	57
2016	중랑구	면목5동	873	2,976	1,217	1,854	900	961	259	78	19	83	39
2016	중랑구	면목7동	1,512	4,175	2,200	3,370	1,908	462	132	205	111	138	49
2016	중랑구	상봉1동	1,124	6,360	2,830	2,215	1,181	3,104	1,136	909	467	132	46
2016	중랑구	상봉2동	2,131	9,451	4,431	4,902	2,528	3,638	1,534	535	200	376	169
2016	중랑구	중화1동	1,061	3,715	2,129	2,303	1,317	712	339	590	421	110	52
2016	중랑구	중화2동	2,126	7,516	3,363	4,258	2,251	2,900	955	247	111	111	46
2016	중랑구	묵1동	1,471	5,369	2,794	3,022	1,685	1,470	644	731	410	146	55
2016	중랑구	묵2동	1,815	4,712	2,188	3,200	1,522	937	395	429	187	146	84
2016	중랑구	망우3동	1,107	3,728	1,897	2,594	1,398	733	232	331	225	70	42
2016	중랑구	신내1동	1,945	9,956	4,367	3,771	1,790	3,045	518	2,881	1,921	259	138
2016	중랑구	신내2동	1,136	6,165	3,002	2,254	1,330	925	403	2,752	1,158	234	111
2016	중랑구	면목본동	2,498	7,459	4,052	5,859	3,260	923	319	469	320	208	153
2016	중랑구	면목3.8동	2,090	7,040	3,532	4,219	2,265	980	284	1,673	892	168	91
2016	중랑구	망우본동	3,871	12,246	5,638	7,307	3,462	2,411	864	2,074	1,068	454	244
2016	성북구	소계	24,560	111,442	55,355	52,151	28,353	25,724	9,945	29,522	14,928	4,045	2,129
2016	성북구	돈암1동	394	1,788	932	690	376	563	265	430	239	105	52
2016	성북구	돈암2동	398	2,168	1,371	631	392	977	649	426	267	134	63
2016	성북구	안암동	1,462	12,928	6,014	3,083	1,562	1,899	763	7,765	3,603	181	86
2016	성북구	보문동	1,303	5,195	2,513	2,719	1,336	1,813	835	422	204	241	138
2016	성북구	정릉1동	732	2,053	1,032	1,487	795	251	81	151	76	164	80
2016	성북구	정릉2동	900	2,871	1,360	1,603	751	609	138	495	380	164	91
2016	성북구	정릉3동	667	4,319	1,893	1,102	531	527	128	2,513	1,137	177	97
2016	성북구	정릉4동	929	4,283	1,649	1,759	967	1,222	114	1,093	484	209	84
2016	성북구	길음1동	968	3,525	2,273	2,285	1,516	370	194	600	420	270	143
2016	성북구	길음2동	1,296	4,987	2,879	2,810	1,718	1,561	874	339	159	277	128
2016	성북구	월곡1동	1,376	5,062	2,557	2,712	1,447	1,289	474	861	529	200	107
2016	성북구	월곡2동	1,594	7,909	4,096	3,590	1,923	1,195	567	2,905	1,490	219	116
2016	성북구	장위1동	1,028	2,643	1,436	2,074	1,089	232	110	187	135	150	102
2016	성북구	장위2동	1,606	5,015	2,455	3,624	1,911	794	204	425	248	172	92
2016	성북구	장위3동	804	3,480	1,417	1,731	836	1,238	254	370	233	141	94
2016	성북구	성북동	1,107	5,286	2,759	2,249	1,281	1,878	781	934	586	225	111
2016	성북구	삼선동	1,849	10,526	5,320	3,918	2,239	2,158	1,148	4,265	1,815	185	118
2016	성북구	동선동	1,936	10,556	5,446	4,902	2,752	3,039	1,129	2,377	1,408	238	157
2016	성북구	종암동	2,048	7,309	3,640	4,320	2,325	1,212	482	1,322	603	455	230
2016	성북구	석관동	2,163	9,539	4,313	4,862	2,606	2,897	755	1,642	912	138	40
2016	강북구	소계	18,742	69,768	36,462	39,090	20,864	16,789	7,519	10,199	5,596	3,690	2,483
2016	강북구	번1동	1,793	8,987	5,064	3,989	2,261	3,917	2,312	869	345	212	146
2016	강북구	번2동	656	3,314	1,252	1,150	536	961	216	1,107	459	96	41
2016	강북구	번3동	860	2,922	1,310	1,595	680	653	201	482	309	192	120
2016	강북구	수유1동	1,449	4,878	2,575	2,454	1,319	1,076	308	1,078	778	270	170
2016	강북구	수유2동	1,363	4,339	2,301	2,811	1,413	878	418	280	208	370	262
2016	강북구	수유3동	2,399	8,658	4,793	5,593	3,056	1,682	1,066	1,220	570	163	101
2016	강북구	삼양동	1,176	3,641	2,080	2,214	1,183	397	134	528	372	502	391
2016	강북구	미아동	1,639	6,194	3,460	3,704	2,094	1,064	604	1,146	556	280	206
2016	강북구	송중동	1,955	7,783	4,303	4,360	2,314	2,276	1,257	869	557	278	175
2016	강북구	송천동	2,128	7,241	3,823	4,721	2,639	1,424	589	806	411	290	184
2016	강북구	삼각산동	781	2,354	1,395	1,631	954	159	88	392	285	172	68
2016	강북구	우이동	993	3,970	1,479	2,070	1,059	1,377	135	198	93	325	192
2016	강북구	인수동	1,550	5,487	2,627	2,798	1,356	925	191	1,224	653	540	427
2016	도봉구	소계	18,686	70,166	33,581	36,364	18,638	17,829	5,694	11,754	6,707	4,219	2,542
2016	도봉구	쌍문1동	928	3,908	2,100	1,864	1,013	555	160	1,259	784	230	143
2016	도봉구	쌍문2동	1,308	5,503	2,660	2,740	1,533	1,795	453	526	348	442	326
2016	도봉구	쌍문3동	975	4,078	1,970	2,142	994	619	241	1,211	679	106	56
2016	도봉구	쌍문4동	616	1,922	1,027	1,023	522	77	39	648	402	174	64
2016	도봉구	방학1동	2,330	10,831	5,033	4,967	2,739	2,975	816	2,422	1,201	467	277
2016	도봉구	방학2동	1,244	3,029	1,579	2,367	1,154	203	89	283	202	176	134
2016	도봉구	방학3동	871	3,127	1,526	1,611	793	587	74	427	289	502	370
2016	도봉구	창1동	1,404	3,739	1,958	2,370	1,194	633	307	502	338	234	119
2016	도봉구	창2동	1,398	4,457	2,163	2,947	1,451	841	290	427	297	242	125
2016	도봉구	창3동	969	2,242	1,201	1,683	854	183	55	184	147	192	145
2016	도봉구	창4동	1,284	7,286	3,503	2,615	1,482	3,015	1,326	1,275	539	381	156
2016	도봉구	창5동	2,219	7,259	3,424	4,232	2,002	2,089	816	631	459	307	147
2016	도봉구	도봉1동	1,701	6,063	2,598	3,259	1,684	1,893	398	617	342	294	174
2016	도봉구	도봉2동	1,439	6,722	2,839	2,544	1,223	2,364	630	1,342	680	472	306
2016	노원구	소계	26,271	114,999	59,673	53,407	29,095	28,603	12,253	26,422	14,871	6,567	3,454
2016	노원구	월계1동	1,444	6,011	2,438	2,953	1,460	1,099	209	1,702	656	257	113
2016	노원구	월계2동	922	3,313	1,460	1,421	589	567	175	1,154	603	171	93
2016	노원구	월계3동	965	3,371	1,568	1,392	696	958	370	680	294	341	208
2016	노원구	공릉2동	1,944	11,763	5,795	3,501	1,852	1,645	520	6,200	3,202	417	221
2016	노원구	하계1동	1,023	7,727	3,984	2,345	1,356	2,018	742	2,977	1,675	387	211
2016	노원구	하계2동	387	1,248	695	692	352	39	25	330	259	187	59
2016	노원구	중계본동	1,184	5,296	2,671	2,617	1,404	1,605	719	787	452	287	96
2016	노원구	중계1동	951	4,219	2,299	2,240	1,278	1,070	579	556	332	353	110
2016	노원구	중계4동	1,044	3,766	2,108	2,265	1,268	363	155	903	565	235	120
2016	노원구	상계1동	3,133	10,559	4,367	5,118	2,197	3,796	1,080	1,251	879	394	211
2016	노원구	상계2동	2,459	9,991	5,932	6,594	3,906	2,102	1,139	842	606	453	281
2016	노원구	상계5동	1,568	4,708	2,636	2,844	1,629	1,213	595	217	118	434	294
2016	노원구	상계8동	577	1,935	1,190	1,298	818	113	64	394	280	130	28
2016	노원구	상계9동	721	2,519	1,437	1,383	785	209	146	753	452	174	54
2016	노원구	상계10동	469	2,191	910	863	466	484	119	753	307	91	18
2016	노원구	상계3.4동	1,434	4,495	2,013	2,290	1,136	1,424	419	380	245	401	213
2016	노원구	상계6.7동	1,910	14,943	9,344	5,137	3,217	4,587	3,015	4,351	2,578	868	534
2016	노원구	중계2.3동	1,360	5,472	3,300	2,574	1,626	1,151	641	1,434	904	313	129
2016	노원구	공릉1동	2,776	11,472	5,526	5,880	3,060	4,160	1,541	758	464	674	461
2016	은평구	소계	24,615	90,203	47,271	48,172	26,622	21,709	8,892	16,351	9,621	3,971	2,136
2016	은평구	녹번동	1,900	9,821	5,017	3,589	1,878	2,373	1,146	3,299	1,664	560	329
2016	은평구	불광1동	1,640	6,326	3,812	3,132	1,870	1,860	1,180	1,062	630	272	132
2016	은평구	갈현1동	1,419	4,944	2,796	3,017	1,644	1,319	765	430	291	178	96
2016	은평구	갈현2동	1,594	6,148	3,553	3,553	2,081	1,100	470	1,136	747	359	255
2016	은평구	구산동	1,209	5,252	2,888	1,925	948	904	265	2,011	1,435	412	240
2016	은평구	대조동	2,553	8,019	4,527	5,683	3,472	1,393	593	760	368	183	94
2016	은평구	응암1동	1,680	7,696	4,062	3,895	2,274	2,687	1,124	854	532	260	132
2016	은평구	응암2동	610	1,823	1,065	1,135	661	87	24	512	338	89	42
2016	은평구	신사1동	1,290	3,909	1,904	2,442	1,328	789	183	548	355	130	38
2016	은평구	신사2동	1,639	3,686	1,347	2,333	811	600	93	568	335	185	108
2016	은평구	증산동	1,130	4,192	1,796	2,124	1,092	1,549	407	394	257	125	40
2016	은평구	수색동	727	2,695	934	1,095	514	1,028	218	475	147	97	55
2016	은평구	진관동	1,539	8,504	4,442	2,983	1,811	2,978	1,203	2,067	1,223	476	205
2016	은평구	불광2동	1,347	4,290	2,433	2,565	1,499	601	353	964	484	160	97
2016	은평구	응암3동	1,815	4,965	2,780	3,613	2,036	505	218	608	377	239	149
2016	은평구	역촌동	2,523	7,933	3,915	5,088	2,703	1,936	650	663	438	246	124
2016	서대문구	소계	19,540	113,979	57,022	37,185	19,663	36,420	14,538	37,020	20,998	3,354	1,823
2016	서대문구	천연동	922	2,835	1,485	1,648	913	287	94	718	384	182	94
2016	서대문구	홍제1동	1,119	4,489	2,319	2,301	1,356	1,036	345	791	459	361	159
2016	서대문구	홍제3동	1,255	3,790	2,006	2,319	1,256	672	250	610	412	189	88
2016	서대문구	홍제2동	590	1,677	895	1,081	643	153	55	330	140	113	57
2016	서대문구	홍은1동	981	2,470	1,272	1,480	756	360	156	378	216	252	144
2016	서대문구	홍은2동	1,168	5,372	2,438	2,147	1,043	1,501	465	1,441	803	283	127
2016	서대문구	남가좌1동	733	2,047	1,288	1,477	945	214	98	229	174	127	71
2016	서대문구	남가좌2동	1,308	4,207	2,012	2,331	1,196	702	240	1,018	481	156	95
2016	서대문구	북가좌1동	642	3,126	1,218	1,227	622	1,449	262	315	256	135	78
2016	서대문구	북가좌2동	2,330	7,183	3,334	3,922	1,666	2,643	1,300	245	117	373	251
2016	서대문구	충현동	1,812	25,628	10,109	2,840	1,499	16,360	5,900	6,047	2,472	381	238
2016	서대문구	북아현동	790	2,099	1,065	1,430	747	148	62	401	193	120	63
2016	서대문구	신촌동	3,642	37,929	22,571	8,699	4,912	6,940	3,951	21,918	13,512	372	196
2016	서대문구	연희동	2,248	11,127	5,010	4,283	2,109	3,955	1,360	2,579	1,379	310	162
2016	마포구	소계	36,191	250,605	112,915	68,442	35,962	153,674	63,073	23,989	11,509	4,500	2,371
2016	마포구	용강동	2,608	19,216	7,889	3,817	2,047	13,443	4,896	1,624	834	332	112
2016	마포구	대흥동	1,583	9,646	5,130	3,543	2,107	2,969	1,470	2,895	1,412	239	141
2016	마포구	염리동	720	3,618	1,763	1,131	576	1,611	668	635	376	241	143
2016	마포구	신수동	1,174	5,334	2,426	2,375	1,142	2,022	853	728	340	209	91
2016	마포구	서교동	9,536	62,203	31,051	21,035	11,064	38,797	18,559	1,976	1,180	395	248
2016	마포구	합정동	2,049	14,716	5,964	3,454	1,690	10,582	3,899	500	290	180	85
2016	마포구	망원1동	1,771	4,705	1,844	2,995	1,346	1,346	355	261	102	103	41
2016	마포구	망원2동	1,362	5,226	2,166	2,571	1,276	2,169	565	231	180	255	145
2016	마포구	연남동	1,506	5,926	2,744	2,579	1,230	2,781	1,130	403	266	163	118
2016	마포구	성산1동	1,539	11,078	3,629	2,692	1,135	7,546	1,952	618	415	222	127
2016	마포구	성산2동	1,782	11,771	5,716	3,207	1,616	4,621	2,392	3,270	1,333	673	375
2016	마포구	상암동	2,341	38,152	14,657	4,189	2,506	29,871	10,391	3,779	1,567	313	193
2016	마포구	도화동	2,012	15,583	7,880	3,353	1,939	11,121	5,462	728	367	381	112
2016	마포구	서강동	1,699	11,958	6,098	3,481	1,702	5,512	2,871	2,623	1,278	342	247
2016	마포구	공덕동	2,764	18,875	8,757	4,989	2,715	11,138	4,790	2,457	1,112	291	140
2016	마포구	아현동	1,745	12,598	5,201	3,031	1,871	8,145	2,820	1,261	457	161	53
2016	양천구	소계	26,108	117,259	54,186	51,133	27,634	41,473	13,331	19,988	10,869	4,665	2,352
2016	양천구	목1동	2,943	20,725	10,149	6,297	3,940	11,834	5,075	2,336	1,043	258	91
2016	양천구	목2동	1,139	4,094	1,928	2,258	1,179	1,221	417	426	233	189	99
2016	양천구	목3동	1,242	4,644	1,967	2,451	1,385	1,763	345	296	169	134	68
2016	양천구	목4동	1,326	3,853	2,127	2,637	1,506	761	386	318	186	137	49
2016	양천구	신월1동	1,775	5,063	2,255	3,266	1,647	1,365	325	222	151	210	132
2016	양천구	신월2동	1,239	3,984	1,673	2,139	981	1,204	260	390	288	251	144
2016	양천구	신월3동	958	4,277	1,715	1,850	860	1,556	321	740	452	131	82
2016	양천구	신월4동	1,164	3,745	1,369	1,792	866	1,420	155	181	137	352	211
2016	양천구	신월5동	1,010	4,422	1,791	2,161	1,117	1,619	251	511	355	131	68
2016	양천구	신월6동	1,460	3,231	1,025	2,083	628	894	233	206	145	48	19
2016	양천구	신월7동	1,391	5,695	1,954	2,337	1,138	1,928	334	1,176	330	254	152
2016	양천구	신정1동	1,099	4,929	2,618	2,102	1,213	952	437	1,516	837	359	131
2016	양천구	신정2동	1,104	3,612	1,966	2,311	1,287	719	307	411	309	171	63
2016	양천구	신정3동	1,882	9,536	3,837	3,445	1,836	4,040	768	1,639	1,060	412	173
2016	양천구	신정6동	738	5,769	2,935	1,592	975	976	454	2,906	1,334	295	172
2016	양천구	신정7동	991	4,481	1,998	1,906	987	645	320	1,562	498	368	193
2016	양천구	목5동	1,525	10,258	5,818	2,944	1,783	2,722	1,170	4,088	2,698	504	167
2016	양천구	신정4동	3,122	14,941	7,061	7,562	4,306	5,854	1,773	1,064	644	461	338
2016	강서구	소계	34,662	207,406	93,651	66,954	36,081	114,091	43,406	20,611	10,861	5,750	3,303
2016	강서구	염창동	2,149	15,633	6,041	3,831	2,081	10,124	2,918	1,338	917	340	125
2016	강서구	등촌1동	1,939	15,729	6,558	3,566	1,935	10,901	4,135	981	328	281	160
2016	강서구	등촌2동	735	3,454	1,638	1,493	820	883	281	958	475	120	62
2016	강서구	등촌3동	2,627	22,329	11,293	5,150	3,109	13,889	6,258	2,434	1,336	856	590
2016	강서구	화곡본동	1,355	4,047	2,274	2,922	1,726	572	188	370	261	183	99
2016	강서구	화곡2동	852	2,790	1,464	1,514	741	709	296	470	370	97	57
2016	강서구	화곡3동	1,227	5,360	2,854	2,709	1,558	2,189	978	309	247	153	71
2016	강서구	화곡4동	1,444	3,860	1,994	2,668	1,400	663	280	419	244	110	70
2016	강서구	화곡6동	1,850	11,322	5,326	4,496	2,383	4,283	1,750	2,378	1,108	165	85
2016	강서구	화곡8동	1,230	3,229	1,665	2,257	1,252	637	204	151	83	184	126
2016	강서구	가양1동	1,809	14,040	5,036	3,505	1,691	9,761	2,989	577	268	197	88
2016	강서구	가양2동	640	3,495	1,799	1,297	781	1,123	396	812	500	263	122
2016	강서구	가양3동	933	7,631	3,062	1,284	652	5,151	1,811	1,023	493	173	106
2016	강서구	발산1동	2,322	11,966	5,386	4,615	2,512	4,898	1,358	2,074	1,279	379	237
2016	강서구	공항동	1,973	35,503	16,085	3,375	1,632	29,880	13,571	1,998	752	250	130
2016	강서구	방화1동	2,879	10,377	5,049	5,536	2,921	3,460	1,219	642	415	739	494
2016	강서구	방화2동	2,932	13,631	5,034	4,540	1,974	7,878	2,568	922	319	291	173
2016	강서구	방화3동	932	4,739	2,015	1,540	803	1,892	465	1,013	625	294	122
2016	강서구	화곡1동	3,126	10,841	5,151	6,731	3,655	3,074	883	650	400	386	213
2016	강서구	우장산동	1,708	7,430	3,927	3,925	2,455	2,124	858	1,092	441	289	173
2016	구로구	소계	38,033	211,391	88,084	65,420	31,515	121,363	43,441	19,403	10,251	5,205	2,877
2016	구로구	신도림동	2,835	14,839	7,155	5,700	2,686	8,127	3,871	691	422	321	176
2016	구로구	구로1동	626	3,021	1,098	1,192	619	1,120	145	546	264	163	70
2016	구로구	구로3동	6,881	82,785	29,914	9,463	4,858	69,776	23,310	2,552	1,260	994	486
2016	구로구	구로4동	2,023	5,011	2,775	3,393	2,009	636	214	544	308	438	244
2016	구로구	구로5동	4,857	26,516	11,598	7,690	3,418	15,755	6,670	2,444	1,096	627	414
2016	구로구	고척1동	2,629	9,475	4,067	5,439	2,480	2,485	813	1,307	681	244	93
2016	구로구	고척2동	1,427	3,976	2,055	2,709	1,439	506	171	574	340	187	105
2016	구로구	개봉2동	1,133	2,989	1,693	2,367	1,420	328	120	128	52	166	101
2016	구로구	개봉3동	1,012	5,099	2,391	1,705	891	2,795	1,050	383	292	216	158
2016	구로구	오류1동	1,121	5,158	2,697	2,135	1,134	2,414	1,266	422	188	187	109
2016	구로구	오류2동	1,573	7,882	3,290	3,115	1,726	1,798	392	2,450	919	519	253
2016	구로구	수궁동	1,272	5,881	2,111	2,298	995	2,216	410	1,168	619	199	87
2016	구로구	가리봉동	976	2,820	1,573	1,691	963	487	163	248	141	394	306
2016	구로구	구로2동	7,912	30,343	12,792	13,134	5,117	11,663	4,365	5,155	3,111	391	199
2016	구로구	개봉1동	1,756	5,596	2,875	3,389	1,760	1,257	481	791	558	159	76
2016	금천구	소계	30,987	225,578	83,939	54,316	26,199	158,072	50,635	10,233	5,463	2,957	1,642
2016	금천구	가산동	13,752	153,745	53,813	19,981	9,568	130,142	42,768	2,984	1,228	638	249
2016	금천구	독산1동	3,922	24,440	9,052	8,940	4,101	13,876	3,940	1,179	733	445	278
2016	금천구	독산2동	1,178	3,542	1,630	2,224	1,200	846	133	313	194	159	103
2016	금천구	독산3동	2,190	8,267	3,618	4,790	2,679	2,538	407	715	424	224	108
2016	금천구	독산4동	1,011	3,674	1,735	2,168	1,179	669	200	674	256	163	100
2016	금천구	시흥1동	2,986	13,912	6,883	6,250	3,516	4,837	1,868	2,371	1,247	454	252
2016	금천구	시흥2동	576	2,005	1,233	971	529	102	47	684	533	248	124
2016	금천구	시흥3동	3,340	10,610	3,041	5,575	1,568	4,253	1,012	683	404	99	57
2016	금천구	시흥4동	859	1,938	1,112	1,307	669	87	47	325	245	219	151
2016	금천구	시흥5동	1,173	3,445	1,822	2,110	1,190	722	213	305	199	308	220
2016	영등포구	소계	43,678	366,625	150,707	77,519	38,417	237,497	89,637	45,145	19,592	6,464	3,061
2016	영등포구	여의동	7,966	152,605	57,575	12,410	7,366	111,601	39,737	26,179	9,583	2,415	889
2016	영등포구	당산1동	3,183	18,621	7,997	5,248	2,471	9,612	3,990	3,555	1,419	206	117
2016	영등포구	당산2동	2,306	21,446	9,552	4,486	2,498	15,375	6,213	1,305	719	280	122
2016	영등포구	양평1동	3,246	23,475	9,752	5,011	1,692	17,332	7,446	812	469	320	145
2016	영등포구	양평2동	2,154	19,830	7,540	3,739	1,815	14,923	5,133	922	476	246	116
2016	영등포구	신길1동	1,176	6,721	2,949	2,210	1,220	3,321	853	881	641	309	235
2016	영등포구	신길3동	985	2,745	1,394	1,819	942	557	239	220	133	149	80
2016	영등포구	신길4동	491	1,691	951	1,065	627	336	127	190	123	100	74
2016	영등포구	신길5동	655	3,031	1,171	1,155	455	839	156	914	490	123	70
2016	영등포구	신길6동	1,277	4,697	2,514	2,618	1,500	1,269	541	650	400	160	73
2016	영등포구	신길7동	533	2,676	1,343	1,103	586	783	276	671	408	119	73
2016	영등포구	대림1동	1,128	4,251	2,459	2,252	1,272	539	209	1,233	817	227	161
2016	영등포구	대림2동	1,390	4,513	2,348	2,814	1,688	1,267	401	285	183	147	76
2016	영등포구	대림3동	2,807	11,203	4,555	5,241	2,431	4,844	1,516	843	464	275	144
2016	영등포구	영등포본동	1,470	5,715	2,995	2,873	1,552	1,513	799	1,070	492	259	152
2016	영등포구	영등포동	6,524	39,392	18,595	12,335	6,144	22,628	10,273	3,960	1,970	469	208
2016	영등포구	도림동	984	3,334	1,305	1,590	780	1,475	379	88	41	181	105
2016	영등포구	문래동	5,403	40,679	15,712	9,550	3,378	29,283	11,349	1,367	764	479	221
2016	동작구	소계	19,747	108,058	54,506	39,921	21,498	42,275	19,285	21,919	11,779	3,943	1,944
2016	동작구	노량진2동	1,554	6,340	2,852	3,013	1,518	1,855	619	1,350	646	122	69
2016	동작구	상도1동	1,704	8,381	3,934	3,673	1,969	1,567	626	2,766	1,135	375	204
2016	동작구	상도2동	1,287	4,543	2,408	2,667	1,545	864	314	648	473	364	76
2016	동작구	상도3동	946	2,683	1,434	1,902	1,026	389	187	266	152	126	69
2016	동작구	상도4동	983	2,910	1,614	1,840	962	301	144	638	445	131	63
2016	동작구	사당1동	1,845	9,566	4,890	3,851	2,128	4,862	2,332	642	292	211	138
2016	동작구	사당3동	1,005	4,316	2,123	1,887	953	1,274	540	910	538	245	92
2016	동작구	사당4동	684	1,738	954	1,254	679	196	98	219	152	69	25
2016	동작구	사당5동	506	1,709	815	878	381	291	79	442	313	98	42
2016	동작구	대방동	1,660	12,152	5,329	3,618	1,936	6,295	2,016	1,935	1,234	304	143
2016	동작구	신대방1동	1,060	4,364	2,262	2,027	1,177	1,592	688	586	346	159	51
2016	동작구	신대방2동	1,219	24,086	12,789	2,335	1,372	16,816	8,736	4,134	2,178	801	503
2016	동작구	흑석동	1,495	10,142	5,433	2,734	1,536	1,236	622	5,972	3,199	200	76
2016	동작구	노량진1동	2,148	9,310	4,608	4,735	2,395	3,330	1,643	975	439	270	131
2016	동작구	사당2동	1,651	5,818	3,061	3,507	1,921	1,407	641	436	237	468	262
2016	관악구	소계	26,377	113,781	53,995	54,474	28,795	35,140	12,389	18,917	9,770	5,250	3,041
2016	관악구	보라매동	1,397	6,434	3,199	2,489	1,398	3,140	1,248	668	487	137	66
2016	관악구	청림동	443	1,185	671	904	558	110	36	67	46	104	31
2016	관악구	행운동	1,464	6,151	3,271	3,215	1,770	1,159	451	684	418	1,093	632
2016	관악구	낙성대동	1,265	7,741	3,562	3,251	1,771	3,517	1,232	804	483	169	76
2016	관악구	중앙동	1,086	5,076	2,575	2,466	1,319	2,206	968	203	159	201	129
2016	관악구	인헌동	1,047	4,006	2,142	2,059	1,109	1,546	782	259	171	142	80
2016	관악구	남현동	874	5,163	2,276	1,634	937	3,005	1,076	402	194	122	69
2016	관악구	서원동	1,296	7,974	4,014	3,961	2,270	3,382	1,353	416	260	215	131
2016	관악구	신원동	851	2,453	1,383	1,734	979	211	78	312	188	196	138
2016	관악구	서림동	1,316	3,296	1,261	2,157	826	613	84	249	156	277	195
2016	관악구	신사동	1,422	4,712	2,184	3,034	1,529	1,257	408	249	134	172	113
2016	관악구	신림동	1,623	5,671	2,842	3,953	2,208	1,160	442	454	154	104	38
2016	관악구	난향동	420	1,926	1,008	712	370	826	372	234	167	154	99
2016	관악구	조원동	2,184	7,073	2,980	4,213	2,019	2,116	675	590	200	154	86
2016	관악구	대학동	1,701	12,609	5,611	3,217	1,587	1,741	640	7,357	3,237	294	147
2016	관악구	은천동	1,596	7,330	3,479	3,275	1,752	2,478	706	1,149	759	428	262
2016	관악구	성현동	880	2,964	1,523	1,589	857	664	174	467	374	244	118
2016	관악구	청룡동	1,866	11,207	4,636	4,009	2,184	4,167	1,069	2,765	1,242	266	141
2016	관악구	난곡동	959	2,411	1,230	1,751	886	96	37	408	218	156	89
2016	관악구	삼성동	1,062	2,372	1,211	1,482	672	156	61	479	308	255	170
2016	관악구	미성동	1,625	6,027	2,937	3,369	1,794	1,590	497	701	415	367	231
2016	서초구	소계	46,404	427,227	169,985	85,665	46,882	284,846	96,020	50,481	24,842	6,235	2,241
2016	서초구	서초1동	3,626	29,810	11,754	5,869	3,011	19,840	6,642	3,614	1,844	487	257
2016	서초구	서초2동	4,406	48,060	18,861	6,404	3,575	35,945	12,488	4,993	2,538	718	260
2016	서초구	서초3동	7,466	74,335	28,598	13,779	6,740	42,783	14,508	16,733	6,953	1,040	397
2016	서초구	서초4동	2,916	27,163	13,618	8,634	5,311	16,301	7,296	1,812	889	416	122
2016	서초구	잠원동	2,273	16,956	6,749	4,106	2,265	11,926	4,084	521	319	403	81
2016	서초구	반포본동	677	2,727	1,498	1,334	836	744	345	569	310	80	7
2016	서초구	반포1동	1,517	8,836	4,156	3,319	1,970	4,808	1,766	532	338	177	82
2016	서초구	반포2동	452	2,841	1,481	902	614	938	386	762	394	239	87
2016	서초구	반포3동	922	7,073	3,705	1,936	1,208	4,160	1,894	723	546	254	57
2016	서초구	반포4동	3,594	32,423	15,991	8,356	5,132	17,290	6,356	6,397	4,354	380	149
2016	서초구	방배본동	1,670	10,580	4,697	3,205	1,664	6,654	2,766	435	201	286	66
2016	서초구	방배1동	1,767	14,930	6,352	3,226	1,865	10,897	4,056	636	376	171	55
2016	서초구	방배2동	1,957	17,422	7,749	3,532	1,832	11,563	5,156	2,138	663	189	98
2016	서초구	방배3동	1,222	13,934	4,542	2,583	1,506	9,165	1,935	1,941	1,021	245	80
2016	서초구	방배4동	2,384	14,073	6,199	4,265	2,337	8,721	3,306	889	497	198	59
2016	서초구	양재1동	3,631	46,647	15,690	5,858	3,025	36,536	10,780	3,500	1,580	753	305
2016	서초구	양재2동	5,257	50,006	15,658	7,104	3,338	40,471	11,160	2,299	1,114	132	46
2016	서초구	내곡동	667	9,411	2,687	1,253	653	6,104	1,096	1,987	905	67	33
2016	강남구	소계	72,281	689,623	297,638	141,310	80,445	483,054	184,035	57,708	29,936	7,551	3,222
2016	강남구	신사동	4,503	27,741	14,505	11,732	7,093	15,148	6,979	666	361	195	72
2016	강남구	논현1동	5,788	44,157	20,793	11,821	6,483	31,003	13,689	996	435	337	186
2016	강남구	논현2동	5,656	60,642	25,142	10,926	6,054	45,262	17,112	4,137	1,837	317	139
2016	강남구	삼성1동	4,330	66,958	27,094	6,969	4,045	54,935	20,909	4,516	1,903	538	237
2016	강남구	삼성2동	3,734	38,887	15,257	5,804	3,216	28,587	9,806	4,182	2,147	314	88
2016	강남구	대치1동	1,066	7,154	3,816	2,966	1,875	2,873	1,364	1,112	497	203	80
2016	강남구	대치4동	3,716	27,829	12,229	8,122	4,392	17,962	6,845	1,512	889	233	103
2016	강남구	역삼1동	15,079	147,157	61,519	27,641	15,579	105,745	39,520	13,068	6,162	703	258
2016	강남구	역삼2동	3,416	38,937	17,135	5,138	2,819	30,976	12,870	2,471	1,273	352	173
2016	강남구	도곡1동	1,614	17,135	6,857	3,312	1,900	10,659	2,966	2,811	1,867	353	124
2016	강남구	도곡2동	1,926	22,629	9,337	3,194	1,859	16,829	6,312	2,292	1,035	314	131
2016	강남구	개포1동	503	1,616	576	656	303	580	96	197	150	183	27
2016	강남구	개포4동	2,221	12,024	4,066	3,315	1,477	7,743	2,026	708	427	258	136
2016	강남구	일원본동	564	8,402	5,863	1,062	591	449	273	6,546	4,843	345	156
2016	강남구	일원1동	1,870	7,340	2,951	2,896	1,072	3,674	1,496	623	291	147	92
2016	강남구	일원2동	636	10,125	2,763	1,004	562	6,236	1,068	2,619	1,010	266	123
2016	강남구	수서동	1,584	15,857	6,051	2,132	1,157	12,465	4,250	1,035	526	225	118
2016	강남구	세곡동	950	5,285	2,269	1,886	977	1,939	376	1,224	776	236	140
2016	강남구	압구정동	4,314	29,474	16,463	10,999	6,966	16,978	8,773	776	482	721	242
2016	강남구	청담동	4,497	39,652	19,511	12,024	7,737	25,828	10,857	1,490	822	310	95
2016	강남구	대치2동	3,468	57,241	21,415	6,271	3,489	46,527	16,131	3,835	1,592	608	203
2016	강남구	개포2동	846	3,381	2,026	1,440	799	656	317	892	611	393	299
2016	송파구	소계	45,555	312,661	127,082	83,415	44,310	185,940	59,193	35,508	19,342	7,798	4,237
2016	송파구	풍납1동	770	2,443	1,335	1,348	699	745	391	204	148	146	97
2016	송파구	풍납2동	1,182	15,395	9,100	2,637	1,461	2,971	1,003	9,545	6,494	242	142
2016	송파구	거여1동	881	3,041	1,444	1,678	855	795	220	312	197	256	172
2016	송파구	거여2동	951	4,152	1,883	1,756	973	1,425	273	378	220	593	417
2016	송파구	마천1동	948	2,165	999	1,379	664	316	86	265	157	205	92
2016	송파구	마천2동	1,373	4,414	2,028	2,362	1,247	1,010	214	601	230	441	337
2016	송파구	방이1동	1,326	12,889	4,110	2,962	1,606	9,142	2,062	555	345	230	97
2016	송파구	방이2동	2,969	22,135	9,423	5,775	3,034	15,126	5,666	632	306	602	417
2016	송파구	오륜동	516	4,514	2,107	690	461	997	460	2,603	1,098	224	88
2016	송파구	오금동	2,427	16,661	6,518	4,480	2,138	10,248	3,401	1,541	841	392	138
2016	송파구	송파1동	2,487	13,710	5,174	4,358	2,120	8,143	2,276	586	334	623	444
2016	송파구	송파2동	936	6,088	2,368	1,674	939	3,589	998	567	340	258	91
2016	송파구	석촌동	2,663	13,767	5,682	5,031	2,597	8,124	2,707	263	155	349	223
2016	송파구	삼전동	2,050	14,868	4,510	4,186	2,198	9,644	1,770	790	394	248	148
2016	송파구	가락본동	3,598	28,777	11,826	6,771	3,661	17,609	5,966	3,959	2,013	438	186
2016	송파구	가락1동	2,865	10,639	3,125	2,043	735	7,872	2,178	592	163	132	49
2016	송파구	가락2동	1,909	10,539	4,602	3,775	2,059	5,487	1,924	1,012	503	265	116
2016	송파구	문정1동	1,381	8,917	3,535	2,368	1,224	5,487	1,642	941	613	121	56
2016	송파구	문정2동	3,823	24,211	7,759	5,427	2,342	17,666	5,069	992	306	126	42
2016	송파구	장지동	1,426	10,324	3,724	2,657	1,393	6,275	1,513	987	585	405	233
2016	송파구	위례동	329	2,815	890	796	495	1,694	180	263	200	62	15
2016	송파구	잠실본동	3,149	22,442	9,463	7,813	4,249	13,919	4,813	432	232	278	169
2016	송파구	잠실4동	503	2,071	1,290	1,228	827	255	117	371	249	217	97
2016	송파구	잠실6동	2,493	39,676	15,099	4,360	2,480	30,203	10,537	4,862	1,976	251	106
2016	송파구	잠실7동	199	1,194	656	312	168	347	185	397	260	138	43
2016	송파구	잠실2동	821	4,616	2,461	1,952	1,281	1,019	360	1,302	710	343	110
2016	송파구	잠실3동	1,580	10,198	5,971	3,597	2,404	5,832	3,182	556	273	213	112
2016	강동구	소계	30,268	141,100	65,306	60,802	32,106	57,353	20,087	19,065	11,253	3,880	1,860
2016	강동구	강일동	946	15,030	3,611	1,857	1,045	11,694	1,785	1,369	722	110	59
2016	강동구	상일동	1,018	5,201	2,818	1,639	720	742	278	2,533	1,670	287	150
2016	강동구	명일1동	1,681	6,083	3,631	3,834	2,371	1,280	640	522	325	447	295
2016	강동구	명일2동	1,151	4,698	2,650	2,835	1,685	1,042	525	532	311	289	129
2016	강동구	고덕1동	610	1,993	1,012	943	500	232	85	745	410	73	17
2016	강동구	고덕2동	1,786	3,245	978	2,179	444	292	91	747	434	27	9
2016	강동구	암사2동	864	5,139	2,598	1,942	1,106	2,826	1,261	312	215	59	16
2016	강동구	암사3동	609	2,009	1,091	1,143	633	326	167	468	267	72	24
2016	강동구	천호1동	1,529	5,643	2,953	2,952	1,528	1,640	727	857	599	194	99
2016	강동구	천호3동	1,863	7,584	3,488	3,693	1,993	3,333	1,261	307	152	251	82
2016	강동구	성내1동	2,105	18,175	7,292	3,974	2,017	10,463	3,483	3,594	1,719	144	73
2016	강동구	성내2동	1,978	7,625	4,091	4,191	2,271	3,053	1,593	247	182	134	45
2016	강동구	성내3동	2,461	9,455	4,531	5,067	2,748	3,912	1,550	210	106	266	127
2016	강동구	둔촌1동	408	1,371	577	504	263	224	109	444	197	199	8
2016	강동구	둔촌2동	1,637	9,468	4,636	3,362	1,677	3,280	1,112	2,530	1,698	296	149
2016	강동구	암사1동	1,927	5,510	2,651	3,685	1,876	1,112	290	454	311	259	174
2016	강동구	천호2동	3,707	14,190	7,451	7,812	4,292	5,162	2,440	841	512	375	207
2016	강동구	길동	3,988	18,681	9,247	9,190	4,937	6,740	2,690	2,353	1,423	398	197