기간	자치구	행정동	출생	출생	출생	사망	사망	사망
기간	자치구	행정동	계	남자	여자	계	남자	여자
2016	합계	합계	75,536	38,744	36,792	43,540	24,210	19,330
2016	종로구	소계	846	444	402	823	445	378
2016	종로구	사직동	77	40	37	58	30	28
2016	종로구	삼청동	7	4	3	19	6	13
2016	종로구	부암동	53	28	25	36	20	16
2016	종로구	평창동	110	58	52	112	50	62
2016	종로구	무악동	40	26	14	31	16	15
2016	종로구	교남동	34	19	15	18	12	6
2016	종로구	가회동	23	10	13	29	8	21
2016	종로구	종로1.2.3.4가동	25	15	10	55	42	13
2016	종로구	종로5·6가동	24	13	11	41	25	16
2016	종로구	이화동	49	26	23	44	22	22
2016	종로구	창신1동	31	12	19	41	27	14
2016	종로구	창신2동	40	19	21	57	36	21
2016	종로구	창신3동	56	27	29	35	18	17
2016	종로구	숭인1동	47	22	25	46	25	21
2016	종로구	숭인2동	54	34	20	42	28	14
2016	종로구	청운효자동	91	50	41	72	30	42
2016	종로구	혜화동	85	41	44	87	50	37
2016	중구	소계	959	497	462	669	390	279
2016	중구	소공동	14	8	6	7	3	4
2016	중구	회현동	29	17	12	45	35	10
2016	중구	명동	17	10	7	12	5	7
2016	중구	필동	29	13	16	19	12	7
2016	중구	장충동	26	15	11	23	14	9
2016	중구	광희동	28	17	11	23	11	12
2016	중구	을지로동	2	1	1	17	7	10
2016	중구	신당5동	96	44	52	68	46	22
2016	중구	황학동	143	75	68	68	38	30
2016	중구	중림동	71	32	39	64	49	15
2016	중구	신당동	53	27	26	42	28	14
2016	중구	다산동	115	52	63	71	35	36
2016	중구	약수동	143	81	62	85	41	44
2016	중구	청구동	110	62	48	73	39	34
2016	중구	동화동	83	43	40	52	27	25
2016	용산구	소계	1,708	878	830	1,137	650	487
2016	용산구	후암동	131	72	59	95	57	38
2016	용산구	용산2가동	91	41	50	68	39	29
2016	용산구	남영동	39	23	16	73	54	19
2016	용산구	원효로2동	108	56	52	71	40	31
2016	용산구	효창동	76	43	33	42	21	21
2016	용산구	용문동	122	67	55	72	42	30
2016	용산구	이촌1동	238	118	120	96	44	52
2016	용산구	이촌2동	84	47	37	47	28	19
2016	용산구	이태원1동	47	22	25	52	29	23
2016	용산구	이태원2동	59	31	28	41	22	19
2016	용산구	서빙고동	63	32	31	48	29	19
2016	용산구	보광동	72	38	34	77	43	34
2016	용산구	청파동	121	57	64	110	65	45
2016	용산구	원효로1동	158	79	79	50	31	19
2016	용산구	한강로동	133	67	66	84	48	36
2016	용산구	한남동	166	85	81	111	58	53
2016	성동구	소계	2,531	1,287	1,244	1,304	747	557
2016	성동구	왕십리2동	108	53	55	59	32	27
2016	성동구	마장동	179	100	79	108	65	43
2016	성동구	사근동	69	38	31	47	27	20
2016	성동구	행당1동	101	51	50	62	35	27
2016	성동구	행당2동	262	113	149	122	65	57
2016	성동구	응봉동	144	70	74	66	35	31
2016	성동구	금호1가동	91	39	52	89	39	50
2016	성동구	금호4가동	153	81	72	57	27	30
2016	성동구	성수1가1동	161	93	68	68	48	20
2016	성동구	성수1가2동	144	75	69	67	46	21
2016	성동구	성수2가1동	125	60	65	90	54	36
2016	성동구	성수2가3동	74	36	38	45	27	18
2016	성동구	송정동	88	53	35	56	37	19
2016	성동구	용답동	97	55	42	85	59	26
2016	성동구	왕십리도선동	182	85	97	99	49	50
2016	성동구	금호2.3가동	280	157	123	91	57	34
2016	성동구	옥수동	273	128	145	93	45	48
2016	광진구	소계	2,767	1,411	1,356	1,344	785	559
2016	광진구	화양동	95	52	43	70	41	29
2016	광진구	군자동	152	72	80	76	40	36
2016	광진구	중곡1동	172	87	85	99	65	34
2016	광진구	중곡2동	211	104	107	85	39	46
2016	광진구	중곡3동	149	76	73	75	54	21
2016	광진구	중곡4동	255	140	115	146	82	64
2016	광진구	능동	127	69	58	28	14	14
2016	광진구	구의1동	214	103	111	82	54	28
2016	광진구	구의2동	186	103	83	82	43	39
2016	광진구	구의3동	265	127	138	89	55	34
2016	광진구	광장동	174	90	84	99	56	43
2016	광진구	자양1동	177	85	92	135	78	57
2016	광진구	자양2동	217	101	116	90	53	37
2016	광진구	자양3동	265	142	123	92	52	40
2016	광진구	자양4동	108	60	48	96	59	37
2016	동대문구	소계	2,383	1,185	1,198	1,921	1,088	833
2016	동대문구	회기동	67	38	29	46	27	19
2016	동대문구	휘경1동	76	42	34	73	39	34
2016	동대문구	휘경2동	156	79	77	106	57	49
2016	동대문구	청량리동	89	39	50	182	99	83
2016	동대문구	용신동	216	101	115	199	112	87
2016	동대문구	제기동	149	68	81	182	107	75
2016	동대문구	전농1동	205	100	105	185	111	74
2016	동대문구	전농2동	141	73	68	103	54	49
2016	동대문구	답십리1동	256	124	132	136	80	56
2016	동대문구	답십리2동	197	81	116	154	85	69
2016	동대문구	장안1동	307	177	130	166	97	69
2016	동대문구	장안2동	246	125	121	139	72	67
2016	동대문구	이문1동	115	63	52	137	75	62
2016	동대문구	이문2동	163	75	88	113	73	40
2016	중랑구	소계	3,085	1,551	1,534	2,013	1,144	869
2016	중랑구	면목2동	208	109	99	168	94	74
2016	중랑구	면목4동	174	88	86	109	63	46
2016	중랑구	면목5동	96	47	49	57	35	22
2016	중랑구	면목7동	144	68	76	96	53	43
2016	중랑구	상봉1동	195	104	91	103	59	44
2016	중랑구	상봉2동	148	73	75	84	48	36
2016	중랑구	중화1동	209	111	98	117	68	49
2016	중랑구	중화2동	172	95	77	144	83	61
2016	중랑구	묵1동	296	137	159	151	82	69
2016	중랑구	묵2동	172	82	90	80	50	30
2016	중랑구	망우3동	136	77	59	108	68	40
2016	중랑구	신내1동	313	153	160	218	112	106
2016	중랑구	신내2동	204	96	108	135	69	66
2016	중랑구	면목본동	231	121	110	152	91	61
2016	중랑구	면목3.8동	180	91	89	120	70	50
2016	중랑구	망우본동	207	99	108	171	99	72
2016	성북구	소계	3,060	1,552	1,508	2,139	1,224	915
2016	성북구	돈암1동	166	84	82	92	59	33
2016	성북구	돈암2동	162	82	80	76	44	32
2016	성북구	안암동	75	39	36	73	31	42
2016	성북구	보문동	94	50	44	68	40	28
2016	성북구	정릉1동	175	90	85	108	65	43
2016	성북구	정릉2동	164	83	81	108	64	44
2016	성북구	정릉3동	111	56	55	76	44	32
2016	성북구	정릉4동	176	92	84	117	78	39
2016	성북구	길음1동	373	205	168	129	65	64
2016	성북구	길음2동	95	52	43	87	56	31
2016	성북구	월곡1동	194	98	96	100	58	42
2016	성북구	월곡2동	143	74	69	114	63	51
2016	성북구	장위1동	127	67	60	164	99	65
2016	성북구	장위2동	91	49	42	119	67	52
2016	성북구	장위3동	52	24	28	55	27	28
2016	성북구	성북동	89	45	44	95	57	38
2016	성북구	삼선동	157	86	71	133	63	70
2016	성북구	동선동	108	50	58	73	37	36
2016	성북구	종암동	300	137	163	177	95	82
2016	성북구	석관동	208	89	119	175	112	63
2016	강북구	소계	1,965	990	975	1,845	1,099	746
2016	강북구	번1동	109	51	58	131	88	43
2016	강북구	번2동	93	51	42	100	66	34
2016	강북구	번3동	106	44	62	134	76	58
2016	강북구	수유1동	131	65	66	155	93	62
2016	강북구	수유2동	138	67	71	138	89	49
2016	강북구	수유3동	152	79	73	136	79	57
2016	강북구	삼양동	203	108	95	187	108	79
2016	강북구	미아동	133	69	64	140	90	50
2016	강북구	송중동	137	65	72	137	75	62
2016	강북구	송천동	167	85	82	178	100	78
2016	강북구	삼각산동	270	138	132	118	66	52
2016	강북구	우이동	143	77	66	122	75	47
2016	강북구	인수동	183	91	92	169	94	75
2016	도봉구	소계	2,249	1,148	1,101	1,819	971	848
2016	도봉구	쌍문1동	119	53	66	148	78	70
2016	도봉구	쌍문2동	148	76	72	122	53	69
2016	도봉구	쌍문3동	130	67	63	92	51	41
2016	도봉구	쌍문4동	87	42	45	79	43	36
2016	도봉구	방학1동	163	101	62	151	74	77
2016	도봉구	방학2동	120	54	66	129	66	63
2016	도봉구	방학3동	168	76	92	136	64	72
2016	도봉구	창1동	222	109	113	142	86	56
2016	도봉구	창2동	245	122	123	160	86	74
2016	도봉구	창3동	120	60	60	87	50	37
2016	도봉구	창4동	173	100	73	119	63	56
2016	도봉구	창5동	221	121	100	100	59	41
2016	도봉구	도봉1동	135	68	67	196	123	73
2016	도봉구	도봉2동	198	99	99	158	75	83
2016	노원구	소계	4,176	2,192	1,984	2,803	1,519	1,284
2016	노원구	월계1동	173	99	74	130	80	50
2016	노원구	월계2동	169	79	90	189	100	89
2016	노원구	월계3동	377	196	181	163	86	77
2016	노원구	공릉2동	370	183	187	148	78	70
2016	노원구	하계1동	118	60	58	174	88	86
2016	노원구	하계2동	142	77	65	93	55	38
2016	노원구	중계본동	75	46	29	109	75	34
2016	노원구	중계1동	53	31	22	101	47	54
2016	노원구	중계4동	129	78	51	146	73	73
2016	노원구	상계1동	295	161	134	222	101	121
2016	노원구	상계2동	109	61	48	102	60	42
2016	노원구	상계5동	144	74	70	153	79	74
2016	노원구	상계8동	503	257	246	94	48	46
2016	노원구	상계9동	202	104	98	93	53	40
2016	노원구	상계10동	227	117	110	95	48	47
2016	노원구	상계3.4동	145	75	70	217	132	85
2016	노원구	상계6.7동	331	174	157	139	77	62
2016	노원구	중계2.3동	294	160	134	256	139	117
2016	노원구	공릉1동	320	160	160	179	100	79
2016	은평구	소계	3,522	1,825	1,697	2,474	1,394	1,080
2016	은평구	녹번동	275	152	123	177	97	80
2016	은평구	불광1동	404	202	202	230	115	115
2016	은평구	갈현1동	198	115	83	149	85	64
2016	은평구	갈현2동	204	116	88	105	60	45
2016	은평구	구산동	227	120	107	222	154	68
2016	은평구	대조동	253	139	114	178	102	76
2016	은평구	응암1동	219	106	113	163	98	65
2016	은평구	응암2동	162	77	85	94	52	42
2016	은평구	신사1동	199	90	109	141	81	60
2016	은평구	신사2동	161	84	77	88	50	38
2016	은평구	증산동	128	69	59	104	62	42
2016	은평구	수색동	100	55	45	102	50	52
2016	은평구	진관동	289	147	142	202	100	102
2016	은평구	불광2동	179	88	91	145	83	62
2016	은평구	응암3동	96	54	42	139	76	63
2016	은평구	역촌동	428	211	217	235	129	106
2016	서대문구	소계	2,201	1,124	1,077	1,514	857	657
2016	서대문구	천연동	157	82	75	92	50	42
2016	서대문구	홍제1동	194	103	91	117	56	61
2016	서대문구	홍제3동	124	67	57	99	57	42
2016	서대문구	홍제2동	102	50	52	59	31	28
2016	서대문구	홍은1동	140	82	58	149	86	63
2016	서대문구	홍은2동	169	78	91	156	93	63
2016	서대문구	남가좌1동	202	94	108	59	30	29
2016	서대문구	남가좌2동	170	91	79	125	77	48
2016	서대문구	북가좌1동	208	99	109	90	54	36
2016	서대문구	북가좌2동	242	123	119	164	81	83
2016	서대문구	충현동	99	47	52	93	52	41
2016	서대문구	북아현동	112	62	50	58	37	21
2016	서대문구	신촌동	76	39	37	71	40	31
2016	서대문구	연희동	206	107	99	182	113	69
2016	마포구	소계	3,392	1,730	1,662	1,621	889	732
2016	마포구	용강동	249	111	138	68	34	34
2016	마포구	대흥동	52	30	22	70	43	27
2016	마포구	염리동	56	31	25	64	39	25
2016	마포구	신수동	181	92	89	81	42	39
2016	마포구	서교동	175	90	85	90	50	40
2016	마포구	합정동	214	114	100	74	43	31
2016	마포구	망원1동	199	104	95	107	66	41
2016	마포구	망원2동	150	88	62	81	50	31
2016	마포구	연남동	126	69	57	84	40	44
2016	마포구	성산1동	156	75	81	93	49	44
2016	마포구	성산2동	372	178	194	167	92	75
2016	마포구	상암동	242	136	106	113	59	54
2016	마포구	도화동	224	107	117	106	53	53
2016	마포구	서강동	223	112	111	84	37	47
2016	마포구	공덕동	346	184	162	216	122	94
2016	마포구	아현동	427	209	218	123	70	53
2016	양천구	소계	3,334	1,679	1,655	1,891	1,029	862
2016	양천구	목1동	193	107	86	86	45	41
2016	양천구	목2동	338	183	155	92	54	38
2016	양천구	목3동	204	109	95	96	52	44
2016	양천구	목4동	143	77	66	91	43	48
2016	양천구	신월1동	174	76	98	126	63	63
2016	양천구	신월2동	191	87	104	107	61	46
2016	양천구	신월3동	172	85	87	113	60	53
2016	양천구	신월4동	186	93	93	93	56	37
2016	양천구	신월5동	170	87	83	71	36	35
2016	양천구	신월6동	46	23	23	40	24	16
2016	양천구	신월7동	183	86	97	116	67	49
2016	양천구	신정1동	88	42	46	95	51	44
2016	양천구	신정2동	68	40	28	85	52	33
2016	양천구	신정3동	402	204	198	231	123	108
2016	양천구	신정6동	159	79	80	72	37	35
2016	양천구	신정7동	169	99	70	122	66	56
2016	양천구	목5동	149	68	81	110	53	57
2016	양천구	신정4동	299	134	165	145	86	59
2016	강서구	소계	5,456	2,859	2,597	2,594	1,395	1,199
2016	강서구	염창동	405	221	184	117	64	53
2016	강서구	등촌1동	263	139	124	91	47	44
2016	강서구	등촌2동	178	87	91	78	44	34
2016	강서구	등촌3동	253	131	122	219	119	100
2016	강서구	화곡본동	380	217	163	173	90	83
2016	강서구	화곡2동	207	112	95	87	51	36
2016	강서구	화곡3동	162	79	83	127	62	65
2016	강서구	화곡4동	189	98	91	106	62	44
2016	강서구	화곡6동	240	118	122	80	43	37
2016	강서구	화곡8동	275	123	152	105	54	51
2016	강서구	가양1동	280	156	124	88	40	48
2016	강서구	가양2동	126	59	67	138	71	67
2016	강서구	가양3동	219	113	106	136	67	69
2016	강서구	발산1동	320	170	150	141	75	66
2016	강서구	공항동	187	101	86	96	53	43
2016	강서구	방화1동	415	221	194	169	98	71
2016	강서구	방화2동	162	97	65	167	87	80
2016	강서구	방화3동	234	122	112	134	73	61
2016	강서구	화곡1동	581	291	290	202	113	89
2016	강서구	우장산동	380	204	176	140	82	58
2016	구로구	소계	3,736	1,924	1,812	1,794	993	801
2016	구로구	신도림동	467	255	212	105	53	52
2016	구로구	구로1동	285	149	136	88	45	43
2016	구로구	구로3동	241	131	110	69	33	36
2016	구로구	구로4동	232	103	129	95	53	42
2016	구로구	구로5동	318	169	149	117	72	45
2016	구로구	고척1동	164	85	79	124	73	51
2016	구로구	고척2동	174	80	94	126	70	56
2016	구로구	개봉2동	340	159	181	128	56	72
2016	구로구	개봉3동	168	92	76	89	46	43
2016	구로구	오류1동	190	95	95	109	63	46
2016	구로구	오류2동	410	213	197	197	119	78
2016	구로구	수궁동	237	114	123	107	55	52
2016	구로구	가리봉동	61	31	30	77	43	34
2016	구로구	구로2동	160	91	69	180	106	74
2016	구로구	개봉1동	289	157	132	183	106	77
2016	금천구	소계	1,595	820	775	1,163	657	506
2016	금천구	가산동	124	60	64	80	55	25
2016	금천구	독산1동	281	145	136	172	85	87
2016	금천구	독산2동	131	69	62	116	62	54
2016	금천구	독산3동	152	82	70	130	76	54
2016	금천구	독산4동	91	43	48	72	44	28
2016	금천구	시흥1동	323	166	157	200	113	87
2016	금천구	시흥2동	157	88	69	96	54	42
2016	금천구	시흥3동	93	47	46	57	31	26
2016	금천구	시흥4동	137	64	73	107	66	41
2016	금천구	시흥5동	106	56	50	133	71	62
2016	영등포구	소계	3,282	1,690	1,592	1,643	970	673
2016	영등포구	여의동	265	137	128	123	56	67
2016	영등포구	당산1동	234	141	93	105	68	37
2016	영등포구	당산2동	360	195	165	90	46	44
2016	영등포구	양평1동	238	122	116	71	37	34
2016	영등포구	양평2동	255	123	132	69	41	28
2016	영등포구	신길1동	117	58	59	125	78	47
2016	영등포구	신길3동	123	62	61	93	49	44
2016	영등포구	신길4동	42	19	23	61	45	16
2016	영등포구	신길5동	68	45	23	89	53	36
2016	영등포구	신길6동	185	91	94	97	57	40
2016	영등포구	신길7동	102	54	48	41	22	19
2016	영등포구	대림1동	81	40	41	92	52	40
2016	영등포구	대림2동	91	48	43	77	46	31
2016	영등포구	대림3동	219	102	117	90	56	34
2016	영등포구	영등포본동	186	89	97	105	63	42
2016	영등포구	영등포동	123	52	71	136	96	40
2016	영등포구	도림동	207	98	109	66	41	25
2016	영등포구	문래동	386	214	172	113	64	49
2016	동작구	소계	3,184	1,677	1,507	1,667	897	770
2016	동작구	노량진2동	51	29	22	73	41	32
2016	동작구	상도1동	399	203	196	193	91	102
2016	동작구	상도2동	236	115	121	102	61	41
2016	동작구	상도3동	214	109	105	104	57	47
2016	동작구	상도4동	280	136	144	139	85	54
2016	동작구	사당1동	222	108	114	91	45	46
2016	동작구	사당3동	192	110	82	112	63	49
2016	동작구	사당4동	123	75	48	73	43	30
2016	동작구	사당5동	147	67	80	50	29	21
2016	동작구	대방동	230	128	102	157	79	78
2016	동작구	신대방1동	170	94	76	86	47	39
2016	동작구	신대방2동	179	93	86	81	43	38
2016	동작구	흑석동	224	126	98	155	79	76
2016	동작구	노량진1동	226	114	112	152	79	73
2016	동작구	사당2동	291	170	121	99	55	44
2016	관악구	소계	3,561	1,803	1,758	2,137	1,258	879
2016	관악구	보라매동	224	116	108	164	91	73
2016	관악구	청림동	220	107	113	72	46	26
2016	관악구	행운동	219	105	114	104	62	42
2016	관악구	낙성대동	117	62	55	52	31	21
2016	관악구	중앙동	85	43	42	59	38	21
2016	관악구	인헌동	208	97	111	85	50	35
2016	관악구	남현동	179	104	75	63	37	26
2016	관악구	서원동	161	88	73	116	73	43
2016	관악구	신원동	125	63	62	86	54	32
2016	관악구	서림동	165	88	77	94	60	34
2016	관악구	신사동	157	84	73	83	50	33
2016	관악구	신림동	114	60	54	87	47	40
2016	관악구	난향동	132	53	79	74	44	30
2016	관악구	조원동	131	73	58	78	44	34
2016	관악구	대학동	97	45	52	84	50	34
2016	관악구	은천동	305	153	152	136	78	58
2016	관악구	성현동	284	139	145	144	80	64
2016	관악구	청룡동	144	74	70	92	53	39
2016	관악구	난곡동	189	90	99	156	93	63
2016	관악구	삼성동	110	63	47	153	90	63
2016	관악구	미성동	195	96	99	155	87	68
2016	서초구	소계	3,629	1,827	1,802	1,480	755	725
2016	서초구	서초1동	205	100	105	87	47	40
2016	서초구	서초2동	205	104	101	65	32	33
2016	서초구	서초3동	211	99	112	110	67	43
2016	서초구	서초4동	168	91	77	55	26	29
2016	서초구	잠원동	284	151	133	98	50	48
2016	서초구	반포본동	62	27	35	50	30	20
2016	서초구	반포1동	188	86	102	83	42	41
2016	서초구	반포2동	136	80	56	53	22	31
2016	서초구	반포3동	146	69	77	60	25	35
2016	서초구	반포4동	164	90	74	65	32	33
2016	서초구	방배본동	125	63	62	76	43	33
2016	서초구	방배1동	183	98	85	57	30	27
2016	서초구	방배2동	209	106	103	88	43	45
2016	서초구	방배3동	171	97	74	99	40	59
2016	서초구	방배4동	211	106	105	82	40	42
2016	서초구	양재1동	450	222	228	202	107	95
2016	서초구	양재2동	262	128	134	70	37	33
2016	서초구	내곡동	249	110	139	80	42	38
2016	강남구	소계	4,122	2,047	2,075	1,780	899	881
2016	강남구	신사동	123	63	60	64	35	29
2016	강남구	논현1동	187	96	91	93	49	44
2016	강남구	논현2동	180	66	114	62	30	32
2016	강남구	삼성1동	123	67	56	58	36	22
2016	강남구	삼성2동	245	126	119	54	31	23
2016	강남구	대치1동	82	28	54	67	41	26
2016	강남구	대치4동	109	61	48	39	22	17
2016	강남구	역삼1동	323	175	148	91	55	36
2016	강남구	역삼2동	298	142	156	69	36	33
2016	강남구	도곡1동	193	101	92	77	36	41
2016	강남구	도곡2동	228	109	119	74	36	38
2016	강남구	개포1동	148	72	76	95	47	48
2016	강남구	개포4동	142	71	71	61	28	33
2016	강남구	일원본동	177	89	88	67	26	41
2016	강남구	일원1동	85	38	47	112	52	60
2016	강남구	일원2동	167	98	69	73	37	36
2016	강남구	수서동	163	79	84	113	58	55
2016	강남구	세곡동	373	184	189	172	79	93
2016	강남구	압구정동	203	95	108	87	46	41
2016	강남구	청담동	251	123	128	101	51	50
2016	강남구	대치2동	124	63	61	90	42	48
2016	강남구	개포2동	198	101	97	61	26	35
2016	송파구	소계	5,500	2,915	2,585	2,174	1,158	1,016
2016	송파구	풍납1동	127	64	63	72	39	33
2016	송파구	풍납2동	235	138	97	86	49	37
2016	송파구	거여1동	97	50	47	62	37	25
2016	송파구	거여2동	185	92	93	90	56	34
2016	송파구	마천1동	125	62	63	130	75	55
2016	송파구	마천2동	106	54	52	117	65	52
2016	송파구	방이1동	121	57	64	64	32	32
2016	송파구	방이2동	224	116	108	76	33	43
2016	송파구	오륜동	60	34	26	46	25	21
2016	송파구	오금동	269	139	130	154	76	78
2016	송파구	송파1동	302	153	149	92	48	44
2016	송파구	송파2동	135	77	58	68	33	35
2016	송파구	석촌동	366	202	164	109	59	50
2016	송파구	삼전동	336	169	167	116	65	51
2016	송파구	가락본동	298	170	128	92	48	44
2016	송파구	가락1동	3	1	2	3	2	1
2016	송파구	가락2동	260	147	113	90	42	48
2016	송파구	문정1동	213	103	110	94	48	46
2016	송파구	문정2동	134	71	63	72	37	35
2016	송파구	장지동	353	177	176	107	53	54
2016	송파구	위례동	147	79	68	24	15	9
2016	송파구	잠실본동	284	146	138	103	66	37
2016	송파구	잠실4동	375	199	176	83	37	46
2016	송파구	잠실6동	136	74	62	45	25	20
2016	송파구	잠실7동	61	36	25	29	17	12
2016	송파구	잠실2동	285	149	136	57	32	25
2016	송파구	잠실3동	263	156	107	93	44	49
2016	강동구	소계	3,293	1,689	1,604	1,791	997	794
2016	강동구	강일동	141	83	58	138	69	69
2016	강동구	상일동	84	47	37	94	47	47
2016	강동구	명일1동	151	84	67	91	48	43
2016	강동구	명일2동	45	19	26	40	17	23
2016	강동구	고덕1동	160	77	83	62	31	31
2016	강동구	고덕2동	29	15	14	37	17	20
2016	강동구	암사2동	187	106	81	61	33	28
2016	강동구	암사3동	141	75	66	50	21	29
2016	강동구	천호1동	202	102	100	159	90	69
2016	강동구	천호3동	210	105	105	106	59	47
2016	강동구	성내1동	210	99	111	84	51	33
2016	강동구	성내2동	221	101	120	97	60	37
2016	강동구	성내3동	195	99	96	69	32	37
2016	강동구	둔촌1동	114	53	61	80	41	39
2016	강동구	둔촌2동	224	129	95	121	68	53
2016	강동구	암사1동	280	136	144	151	95	56
2016	강동구	천호2동	268	126	142	145	91	54
2016	강동구	길동	431	233	198	206	127	79